-0.877178 -0.0428839 0
-0.857216 1.63179 0
-0.67899 -0.0302219 0
-1.16183 1.48096 0
-1.43654 0.87476 0
-1.52631 0.861182 0
-0.523015 1.5324 0
0.00498652 0.509066 2
-0.890692 0.424087 0
0.115406 0.580049 2
-0.489549 1.37614 0
-0.797406 1.06086 0
-1.1776 1.27099 0
-1.60014 0.516342 0
-1.10733 1.17748 0
-0.636286 0.593906 0
-0.634973 0.849032 0
-1.22201 1.11388 0
-0.888581 0.863632 0
-0.99642 1.04674 0
-0.356246 1.14229 0
-1.33328 0.438496 0
-1.49944 0.826299 0
-0.995887 1.23931 0
-0.644728 0.75403 0
-0.132911 0.896786 0
-1.40096 0.640231 0
-1.41587 0.439882 0
-0.374289 0.233855 0
-1.1627 0.751058 0
-1.66547 0.335512 0
-0.895816 0.601258 0
-0.824745 -0.184393 1
-1.14794 0.965012 0
-0.704125 0.774287 0
-1.07729 0.94217 0
-0.615016 0.846143 0
-0.347179 0.725883 0
-1.64252 0.756337 0
-0.869891 0.959001 0
-0.204303 0.38366 0
-0.662602 1.50863 0
-0.572371 0.919529 0
-1.10468 0.805674 0
-1.34181 1.02375 0
-1.17789 0.569932 0
-1.14598 0.44212 0
-1.17644 0.393459 0
-0.846495 0.774245 0
-1.32915 0.562443 0
-1.48191 0.607035 0
-1.18055 0.299958 0
-0.66277 0.854114 0
-0.439743 1.09533 0
-0.667427 0.863201 0
-0.767609 0.592403 0
-0.788765 0.869838 0
-0.768362 0.331706 0
-0.48912 1.04454 0
-0.938478 0.544807 0
-1.57411 0.813988 0
-0.868988 0.620974 0
-0.941891 0.748562 0
-0.678369 0.234213 0
-0.799027 0.681445 0
-1.0455 0.612759 0
-1.0661 1.09455 0
-0.918643 0.5246 0
-0.34813 0.915146 0
-0.475539 0.677853 0
-0.7605 1.53463 0
-0.470593 1.13422 0
-1.506 1.30237 0
-0.6695 0.151577 0
-1.33188 0.821285 0
-0.458239 -0.00517217 0
-0.628468 0.692179 0
-0.759079 0.960466 0
-0.775315 0.94713 0
-0.660844 0.950634 0
-1.18899 1.04115 0
-1.12109 0.636219 0
-0.700904 0.623594 0
-0.415445 0.748449 0
-1.13141 1.53555 0
-0.532801 0.455649 0
-1.74443 0.391046 0
-0.246174 -0.464489 0
-1.32833 0.577205 0
-0.684335 1.63884 0
-1.28246 0.889344 0
-0.39484 1.09009 0
-0.360458 1.23607 0
-1.34782 1.81629 0
-0.894988 1.72844 0
-0.414659 0.927321 0
-0.640799 0.907246 0
-0.666628 0.847891 0
-0.506019 1.25443 0
-0.780075 0.392266 0
-1.12082 0.774786 0
-1.14026 0.620216 0
-1.66388 0.271201 0
-0.267704 0.260064 0
-0.813212 0.948139 0
-0.46451 1.33225 0
-0.720078 1.05062 0
-0.730737 0.605704 0
-0.624347 1.40877 0
-1.13559 0.666568 0
-0.741473 1.67228 0
-0.5694 1.33777 0
-1.30881 0.726238 0
-0.986572 0.821749 0
-0.862639 0.823748 0
-1.31896 0.929579 0
-1.35324 1.58308 0
-0.75533 0.486077 0
-0.732856 0.452415 0
-0.573111 -0.634321 1
-1.1064 0.718906 0
-0.492246 0.544691 0
-0.973664 0.744612 0
-1.22054 0.311121 0
-1.21005 0.644065 0
-1.0441 1.25667 0
-1.05703 0.67183 0
-0.803546 1.00073 0
-1.05283 0.156252 0
-0.630369 0.990858 0
0.109017 1.04015 2
0.0975089 0.571082 2
-1.36279 1.72954 0
-0.517193 0.681886 0
-1.09523 0.551933 0
-0.410445 0.92665 0
-0.385646 1.00528 0
-1.02212 1.29972 0
-1.26959 0.883224 0
-1.11172 1.39712 0
-1.15768 0.178864 0
-0.921659 0.354688 0
-0.825097 1.20561 0
-0.550716 0.618359 0
-0.523153 0.517496 0
-0.486746 0.677888 0
-0.675584 0.985201 0
-1.20665 1.00647 0
-0.766168 0.99688 0
-0.731064 0.74298 0
-0.707992 0.20249 0
-0.883262 0.469937 0
-0.976434 1.25032 0
-0.731412 1.53645 0
-1.08547 0.732855 0
-0.568923 1.07092 0
-1.26538 0.946401 0
-0.573049 0.832024 0
-1.37305 0.682896 0
0.206948 0.732216 2
-0.716628 0.317938 0
-1.22938 0.789545 0
-0.999986 0.768616 0
-0.752004 0.367857 0
-0.338201 0.704834 0
-0.702534 1.12891 0
-0.699753 1.24385 0
-0.507261 0.624421 0
-1.13098 1.27304 0
-0.836675 1.27607 0
-1.071 0.77385 0
-1.54471 1.43386 0
-0.446058 0.685643 0
-0.114773 1.54151 0
-0.753852 1.75971 0
-1.064 0.892164 0
-1.04069 0.62054 0
-1.02291 0.373897 0
-0.215499 0.972699 0
-0.514942 0.203555 0
-1.50445 0.631786 0
-0.757185 0.824444 0
-1.42827 1.01676 0
-0.254903 1.52375 0
-0.652413 0.917495 0
-0.324349 0.816416 0
-0.726413 0.810055 0
-0.926665 1.13184 0
-1.21285 0.271484 0
-1.40316 0.201464 0
-0.87358 1.04968 0
-1.52885 0.298648 0
-0.793727 0.801135 0
-0.242852 1.50894 0
-0.887559 0.747483 0
-0.986669 0.609968 0
-1.07117 1.51807 0
-1.21049 0.829666 0
-0.714493 1.31336 0
-0.368835 1.01496 0
-0.513976 0.835776 0
-1.32257 0.473569 0
0.072976 0.473202 2
-1.18087 0.552423 0
-0.640772 0.747791 0
-0.832022 0.87584 0
-1.48769 1.01309 0
-0.314858 0.706588 0
-0.228304 0.434324 0
-1.24399 1.01973 0
-0.773279 0.161125 0
-0.353585 1.11198 0
-1.71864 0.664739 0
-1.42678 0.111759 0
-0.78671 1.72661 0
-0.892551 1.15134 0
-1.11936 0.778429 0
-0.665943 1.13613 0
-1.08483 0.0234084 0
-0.308739 0.570182 0
-1.14384 1.12206 0
-1.26413 -0.00180215 0
-1.52891 1.13709 0
-1.19908 0.986398 0
-1.07862 1.20034 0
-0.15393 0.228024 0
-0.471846 0.436862 0
-1.25435 0.80229 0
-0.35596 0.63936 0
-0.882523 0.627786 0
-1.07893 0.796269 0
-0.423008 0.897219 0
-1.34959 1.00254 0
-1.08662 1.15977 0
-0.884619 0.70195 0
0.0980484 1.00822 2
-0.916537 0.907942 0
-0.69858 0.827613 0
-0.608373 0.772129 0
-0.432891 0.351063 0
-0.518451 0.665036 0
-1.72845 0.990606 0
-1.95925 0.612334 0
-0.792522 0.0422307 0
-0.301982 0.667795 0
-0.483517 0.654155 0
-0.706056 0.973701 0
-1.17886 0.989071 0
-1.34208 1.2693 0
-0.691908 0.558223 0
-0.658751 1.1209 0
-1.69324 1.50636 0
-0.83898 0.567733 0
-1.44697 1.29107 0
-0.48613 0.891686 0
-0.586024 0.332797 0
-0.480759 1.49791 0
-0.809809 1.70212 0
-1.61189 0.180857 0
-0.865176 1.18215 0
-0.775798 1.29874 0
-1.02964 0.690135 0
-1.22167 0.461916 0
-0.93333 0.681217 0
-0.362311 1.46166 0
-0.803895 1.32663 0
-0.828 0.711595 0
-0.14828 1.22875 0
-0.653188 0.72041 0
-0.808132 0.810537 0
-0.994965 0.851772 0
-0.331041 0.569153 0
-1.09566 -0.358594 1
-0.833891 1.14882 0
-1.1005 0.234539 0
-0.576558 0.832186 0
-0.740843 1.17726 0
-0.905141 0.90854 0
-0.710076 0.488015 0
-0.583307 1.51127 0
-1.72659 0.580782 0
-0.726945 0.977948 0
-0.775353 0.396397 0
-0.704514 0.53935 0
-0.623322 -0.104863 0
-1.28961 0.675129 0
-0.996257 0.584918 0
-0.330425 0.0748347 0
-0.820079 1.34448 0
-0.830646 0.932436 0
-1.10532 0.828348 0
-1.26815 0.389749 0
-0.535802 0.561984 0
-1.01014 1.18463 0
-0.392142 0.840294 0
-1.01909 1.43411 0
-0.622364 0.998117 0
-0.981571 0.689255 0
-0.948688 0.731116 0
-0.706139 0.856038 0
-1.50408 0.698744 0
-0.299796 1.44803 0
-0.677641 1.1347 0
-1.28222 1.23685 0
-1.7415 0.955642 0
-0.525817 0.275118 0
-1.20304 0.511269 0
-1.771 0.876897 0
-0.721687 0.240527 0
-0.457505 1.6821 0
-0.916865 0.619724 0
-0.329747 1.47922 0
-0.214322 0.447188 0
-0.863649 1.25686 0
-1.23158 0.928681 0
-0.768364 1.10133 0
-0.98241 1.21954 0
-0.993037 0.391841 0
-0.52151 1.05273 0
-0.843693 1.17927 0
-1.52569 0.913155 0
-0.609971 1.37637 0
0.32583 1.04325 2
-0.38707 0.14559 0
-0.890668 0.19001 0
-1.2151 0.777713 0
-0.790782 0.421317 0
-0.466239 1.65545 0
-0.233945 1.23119 0
-0.58294 0.875995 0
-0.281689 0.679309 0
-0.205117 0.266884 0
-0.921178 1.03703 0
-0.913267 1.30369 0
-0.869947 1.15199 0
-0.697684 0.906849 0
-1.0196 0.147661 0
-0.784199 1.67891 0
-0.579511 0.271156 0
-0.381872 0.86422 0
-1.57967 0.291869 0
-1.08484 0.975891 0
-0.602861 0.705059 0
-0.983014 0.907815 0
-0.616019 1.46375 0
-0.288209 1.05062 0
-0.471862 0.175599 0
-0.519759 0.82754 0
-0.701255 0.745691 0
-0.93952 0.759167 0
-0.761793 0.898238 0
-1.51751 0.45001 0
-0.859465 0.972565 0
-0.384444 0.70526 0
-1.33072 1.05987 0
-0.673992 1.28761 0
-0.792914 1.30599 0
-0.740574 0.231689 0
-0.663508 1.14381 0
-1.89119 1.2043 0
-0.430395 0.463952 0
-1.25604 0.680208 0
-1.20922 1.25951 0
-0.929253 0.741905 0
-0.942106 0.89024 0
-0.936054 0.809322 0
-0.380668 0.851229 0
-1.07573 0.876625 0
-0.926471 -0.0142025 0
-0.727595 0.933731 0
-0.324141 1.31615 0
-1.08974 0.949421 0
-0.791787 1.00554 0
-0.265774 0.698609 0
-0.258051 1.26975 0
-0.81184 1.485 0
-1.20952 1.24178 0
-1.16612 0.451586 0
-0.159098 1.79016 0
-0.129194 1.02176 0
-0.651941 1.11038 0
-0.797099 0.90861 0
-0.586515 1.717 0
-1.1471 1.21573 0
-1.73477 0.741552 0
-1.15166 0.608834 0
-0.915808 0.789375 0
-1.19323 1.09702 0
-0.506057 1.19005 0
-1.04742 0.640365 0
-0.734536 0.486937 0
-0.104733 1.29921 0
-0.459812 1.19884 0
-0.680076 1.29721 0
-0.904833 1.07247 0
-1.02463 1.3254 0
-1.56051 0.953088 0
-0.785876 0.786644 0
-0.393405 0.717288 0
-1.28793 0.820417 0
-0.225819 0.870669 0
-0.548228 1.32378 0
-0.977899 0.987286 0
-0.368694 0.922455 0
-0.412353 0.685192 0
-0.901042 0.124034 0
-0.40928 0.394627 0
-0.0319965 0.271528 0
-0.831607 0.487016 0
-1.40377 1.40922 0
-0.832854 0.50058 0
-0.779875 0.624013 0
-1.12263 1.2639 0
-1.45934 0.212856 0
-0.853486 0.64125 0
-1.13139 0.721732 0
-0.410855 0.924499 0
-1.52874 -0.247087 1
-1.12 0.611089 0
-0.120009 0.457838 0
-0.474678 1.20558 0
-1.30467 1.13829 0
-1.39545 1.2171 0
-0.939191 1.5204 0
-0.691877 1.24452 0
-0.297027 0.698615 0
-0.567208 0.706936 0
-1.14075 0.975496 0
-0.522561 0.770405 0
-0.302145 0.704968 0
-0.640387 0.624664 0
-0.274968 1.20752 0
-1.02507 1.28754 0
-1.16658 0.351862 0
-0.593522 0.0101835 0
-1.4821 0.316594 0
-1.24191 0.878276 0
-0.910102 -0.069908 0
-1.28207 0.617855 0
-1.28688 0.848391 0
-0.390655 -0.0319535 0
-1.07187 0.832856 0
-0.480709 0.485177 0
-0.70659 0.840998 0
-0.953095 0.386811 0
-0.575005 0.273029 0
-0.372139 1.1513 0
-1.91366 0.71831 0
-1.13034 0.407985 0
-0.842342 0.809546 0
-1.21166 0.574846 0
-0.553791 0.833753 0
-1.3642 0.503819 0
-0.128274 1.07209 0
-0.950936 0.55409 0
-1.10452 1.11982 0
-0.36626 1.30881 0
-0.6647 0.168046 0
-0.86369 -0.237096 1
-0.387452 0.993565 0
-1.68411 1.2956 0
-0.867384 0.914153 0
-0.374481 1.35235 0
-0.797367 0.538758 0
-0.442836 1.26944 0
-1.45416 0.99707 0
-0.946783 0.733553 0
-0.975359 0.789535 0
-0.653814 1.14875 0
-1.14174 0.842446 0
-0.780781 -0.0734864 0
-1.716 1.36675 0
-0.624171 -0.118028 0
-0.731886 1.43014 0
-0.530601 1.10978 0
-1.20054 0.864797 0
-1.00351 1.532 0
-0.326978 0.158085 0
-0.522874 0.224979 0
-0.845515 1.55028 0
-1.03203 0.358743 0
-0.806645 0.195319 0
0.302826 1.08129 2
0.131317 0.808104 2
-1.4013 1.15223 0
-1.16344 0.962252 0
-1.38025 1.09358 0
-0.780586 1.07627 0
-0.797137 0.986669 0
-0.42485 0.445403 0
-0.374925 0.265973 0
-0.42588 1.5698 0
-1.38629 1.19622 0
-0.924106 0.491962 0
-1.10326 0.932778 0
-1.8352 0.782277 0
-1.19158 0.583993 0
-0.452046 1.71407 0
-0.403571 0.701042 0
-0.0152318 1.31144 2
-0.145128 0.297362 0
-0.492859 0.992229 0
-0.272069 1.4643 0
-1.01588 1.16094 0
-0.47789 1.11804 0
-0.406258 0.862268 0
-0.512104 1.31802 0
-0.536288 0.935407 0
-1.26962 0.69463 0
-0.725196 0.0954292 0
-0.47371 0.0433448 0
-1.25736 1.32834 0
-0.982711 1.18182 0
-0.533041 0.732385 0
-1.03199 0.694498 0
-1.08715 0.581688 0
-0.451192 0.712492 0
-0.818819 0.462336 0
-1.09857 0.892087 0
-0.831697 0.750532 0
-1.21738 -0.143521 1
-0.714327 0.602633 0
-1.55949 0.938306 0
-1.07433 0.568984 0
-0.355054 0.948007 0
-0.260259 0.802958 0
-0.804107 1.24958 0
-0.85324 0.7909 0
-0.759529 0.964017 0
-1.19055 0.847681 0
-0.394083 0.769621 0
-1.20803 0.70337 0
0.178245 -0.0789126 0
-0.0480222 1.20574 0
-0.641517 0.413406 0
-1.26177 0.869293 0
-0.668748 1.20247 0
-0.691068 1.74019 0
-0.349537 0.544514 0
-1.24046 1.1365 0
-0.805199 1.92352 0
0.104052 -0.0230503 0
-0.618658 0.630334 0
-0.919861 0.697137 0
-0.845852 1.09847 0
-0.646879 0.082558 0
-0.615601 0.9265 0
-0.618442 0.435935 0
-0.231329 1.04234 0
-0.866107 1.32969 0
-0.123828 1.34118 0
-0.466033 0.446035 0
-0.640178 0.483207 0
-1.29396 1.79984 0
-0.566507 0.746527 0
-0.280561 0.986792 0
-1.09742 1.15834 0
-0.623885 0.358525 0
-1.33237 0.613644 0
-0.4623 0.545783 0
-1.32516 1.29334 0
-1.64742 0.413347 0
-1.33897 0.913454 0
-0.554718 1.23859 0
-0.67845 0.762114 0
-0.798219 1.21379 0
-0.704809 0.733446 0
-0.827763 1.38487 0
-0.53127 0.777673 0
-0.383347 0.42149 0
-0.560647 0.226781 0
-0.414681 0.389971 0
-0.54288 0.477491 0
-1.25255 1.09084 0
-0.827734 0.130687 0
-1.04992 0.902921 0
-0.812981 1.50168 0
-1.46089 0.693289 0
-0.820434 0.901 0
-0.944784 1.42974 0
-1.46749 0.383612 0
-1.0733 1.80098 0
-1.06066 1.21962 0
-1.58711 1.24812 0
-1.05342 0.166606 0
-0.649806 0.36443 0
-1.24571 0.980384 0
-0.894784 0.18438 0
-0.950921 1.56077 0
-0.539583 0.412725 0
-1.14109 1.07644 0
-0.801552 0.531748 0
-0.317834 1.68684 0
-0.963599 0.578425 0
-0.763434 1.13802 0
-0.307683 0.407513 0
-1.40638 0.480711 0
-0.835774 0.663103 0
-1.06487 0.530515 0
-0.805808 0.858274 0
-1.36637 1.75684 0
-0.794675 1.02602 0
-0.466227 1.15368 0
-0.842119 0.932437 0
-0.940005 1.35219 0
-0.787755 0.785112 0
-0.25488 0.528843 0
-0.4863 1.28073 0
-0.563116 0.717863 0
-0.167919 0.975979 0
-1.43072 1.14305 0
-1.30378 0.627571 0
-0.257896 1.40672 0
-0.546295 1.75755 0
-0.618712 0.273981 0
-1.57796 0.804836 0
-1.12096 0.599343 0
-2.04179 1.52334 0
-1.43373 1.40859 0
-1.18043 0.646459 0
-0.628651 0.863583 0
-1.31241 0.974529 0
-0.624356 0.717378 0
-0.688516 1.33968 0
-1.10553 1.31116 0
-0.486217 0.516299 0
-1.06913 0.742756 0
-0.201845 1.19286 0
-0.503075 0.987768 0
-0.826058 0.340272 0
-0.572493 1.28596 0
-0.738413 1.0191 0
-1.06143 0.664733 0
-2.14227 0.921422 0
-0.923442 0.416921 0
-0.0737108 0.964386 0
-0.520235 1.28631 0
-0.26912 0.925172 0
-0.149241 1.35864 0
-0.592884 0.675444 0
-1.12024 0.242589 0
-0.765547 0.64269 0
-1.1561 0.807318 0
-0.692375 1.93625 0
-0.740506 0.547352 0
-0.889696 0.716203 0
-0.861703 0.630438 0
-0.26623 1.07741 0
-0.682025 0.710433 0
-0.995357 0.38164 0
-0.408866 0.613278 0
-0.766193 0.80681 0
-0.594633 0.87193 0
-0.41254 0.781609 0
-1.15346 0.770124 0
-0.468165 0.606272 0
-1.14956 0.707623 0
-0.743081 1.01342 0
-0.720011 0.904895 0
-0.936744 1.08132 0
-1.31316 1.17625 0
-0.980461 0.938586 0
-0.629087 0.988023 0
-0.305157 0.539694 0
-0.552236 0.906277 0
-0.738821 0.831069 0
-0.162499 1.07602 0
-1.15816 1.21218 0
-0.223095 1.23434 0
-0.854917 0.94296 0
-0.730597 1.12472 0
-1.1315 0.986928 0
-0.809477 0.559102 0
-0.144499 0.848426 0
-0.99063 0.12536 0
-0.700845 0.337898 0
-0.0153456 0.977465 2
-0.801028 0.426164 0
-0.61152 0.906643 0
-1.38618 0.697164 0
-0.594246 1.19256 0
-0.903408 0.237267 0
-0.780448 0.621267 0
-1.0781 0.851687 0
-1.33802 0.179955 0
-1.22055 0.517997 0
-0.455483 0.926071 0
-0.798077 0.769243 0
-0.904557 1.03433 0
-1.18368 0.591408 0
-0.527684 1.49686 0
-1.09489 1.34658 0
-0.987264 0.391688 0
-1.01339 0.577686 0
-0.451167 0.313618 0
-1.17891 0.468064 0
-0.549627 0.195226 0
-1.33343 0.736134 0
-0.816698 1.27248 0
-0.629435 0.405817 0
-0.81479 1.14363 0
-0.696371 0.591186 0
-1.06925 1.1568 0
-1.58105 0.598647 0
-1.46644 0.233616 0
-1.0105 1.1309 0
-0.132051 -0.0401328 0
-0.627556 0.730555 0
-0.681492 1.07635 0
-1.51741 0.951913 0
-0.851841 0.712866 0
-0.545921 0.730577 0
-1.06439 1.09027 0
-1.19876 1.07468 0
-1.07475 0.598183 0
-0.370686 0.696432 0
-0.546083 0.615303 0
-1.09859 0.996208 0
-0.932306 0.432418 0
-0.90358 0.27165 0
-1.47546 0.782259 0
-0.308403 0.828929 0
-1.26977 1.69442 0
-1.01082 0.586026 0
-0.721428 0.732757 0
-0.865283 0.0261402 0
-1.30542 1.15185 0
-1.20995 1.17706 0
-0.825302 1.48936 0
-0.439298 0.55895 0
-1.144 0.644337 0
-0.596979 1.36462 0
-1.21086 0.518148 0
-0.59626 0.689838 0
-0.586635 0.730067 0
-0.757962 0.961276 0
-1.31883 -0.000380664 0
-0.814586 0.835658 0
-0.926117 0.884889 0
-0.186907 0.28028 0
-0.626292 1.41895 0
-0.562721 0.823763 0
-1.23063 0.203781 0
-0.605519 0.993974 0
-0.679071 0.488808 0
-1.27877 0.588802 0
-0.712905 0.463891 0
-0.292352 0.954231 0
-0.522183 0.175891 0
-0.703765 0.702741 0
-1.12348 1.30394 0
-1.01284 1.07118 0
-0.974789 0.753826 0
-0.962579 0.621381 0
-2.00152 0.698119 0
-1.10242 1.05704 0
-0.785214 0.716375 0
-1.10465 0.74041 0
-0.97692 1.52988 0
-0.971483 1.06168 0
-0.74434 0.6223 0
-1.02728 0.71751 0
-0.799685 0.607468 0
-0.522962 0.956254 0
-1.32199 0.701321 0
-0.900629 1.64385 0
-1.18106 1.05263 0
-0.794129 0.114731 0
-0.424315 0.982489 0
-0.426306 0.424223 0
-0.925842 0.607809 0
-0.868805 1.13166 0
-1.1926 1.03023 0
-0.755617 1.51431 0
-0.416186 1.11517 0
-0.283114 0.537708 0
-1.17263 0.512222 0
-1.06595 -0.257287 1
-1.10798 1.00982 0
-0.861493 0.863475 0
-0.811565 0.551512 0
-0.571683 1.45686 0
-1.21435 0.958223 0
-0.732606 1.3737 0
-0.136994 0.715563 0
-0.830344 1.14426 0
-0.439234 1.74426 0
-0.894966 0.372938 0
-1.68346 0.427055 0
-0.799491 0.927253 0
-0.924636 0.85305 0
-1.63401 0.455265 0
-0.87669 1.10168 0
-0.84657 1.17491 0
-1.05007 1.2974 0
-0.777956 0.42536 0
-0.80752 0.654062 0
-0.612006 0.805752 0
-0.396252 0.654882 0
-0.30925 0.953048 0
-0.659054 1.17234 0
-0.962263 1.5823 0
-0.547372 0.166595 0
-1.18011 0.996211 0
-0.318296 0.486625 0
-0.941999 1.51608 0
-1.0856 0.349316 0
-0.343913 0.452201 0
-0.972221 0.437935 0
-0.154454 1.2693 0
-1.39952 0.415147 0
-1.14792 0.570409 0
-0.853821 1.75358 0
-0.315209 0.0605198 0
-0.719339 0.346498 0
-1.28278 0.589777 0
-1.13378 0.44426 0
-1.55056 1.04417 0
-0.741052 1.335 0
-0.667792 0.89604 0
-0.698271 -0.454947 1
-1.39232 0.714899 0
-0.445498 0.755146 0
-0.383319 0.404281 0
-0.986136 0.456709 0
-1.29048 0.845962 0
-1.16783 1.10572 0
-1.2121 0.849976 0
-0.0804261 0.792583 0
-0.798153 0.454954 0
-1.02217 0.153251 0
-1.07106 0.359387 0
-0.693072 2.14248 0
-0.852171 0.612052 0
-1.41177 0.907115 0
-1.12001 0.325936 0
-1.17162 0.634284 0
-0.342966 0.677887 0
-1.42382 0.797968 0
-1.13496 0.769237 0
-0.832255 0.639316 0
-1.13919 0.782094 0
-0.915673 0.552543 0
-0.334262 1.21464 0
-0.320012 0.69559 0
-0.709725 0.566939 0
-1.03143 0.943582 0
-1.00622 1.04169 0
-1.70568 0.556584 0
-0.936677 0.857553 0
-1.24361 0.887767 0
-1.27842 1.10811 0
-0.035699 0.519133 0
-0.0459394 0.796885 0
-1.53275 1.12309 0
-0.870074 0.704615 0
-0.650732 0.925161 0
-1.34509 0.634428 0
-0.93625 1.02375 0
-0.479235 0.995087 0
-0.729547 0.491618 0
-0.470255 1.18152 0
-0.631333 0.994897 0
-0.80478 1.65328 0
-1.50803 1.36098 0
-1.62509 0.983255 0
-0.415091 1.43389 0
-0.803468 0.00648984 0
-0.562018 0.806325 0
-0.989296 0.839997 0
-0.653208 1.46511 0
-0.957062 0.387649 0
-0.325682 1.14284 0
-1.37278 1.14551 0
-0.826707 1.26492 0
-0.294674 0.0198192 0
-0.702682 0.656064 0
-0.786583 1.34704 0
-1.2769 0.950033 0
-1.04534 0.32566 0
-1.18112 0.0728491 0
-0.243095 1.1959 0
-0.766459 0.342447 0
-1.36388 0.788147 0
-1.29739 0.283657 0
-0.387482 0.708939 0
-0.652902 1.0744 0
-0.0628766 1.52829 0
-0.241002 0.410056 0
-1.83952 1.05843 0
-0.816111 0.608687 0
-0.160821 0.880173 0
-1.0067 1.01866 0
-1.48204 0.905253 0
-0.704944 0.999972 0
-0.525613 1.1688 0
-0.535405 0.915118 0
-1.28316 0.865086 0
-1.67938 0.605262 0
-0.625169 0.555759 0
-0.5006 0.929111 0
-0.715208 0.142975 0
-0.586187 0.644268 0
-0.526813 0.769113 0
-1.13756 0.834901 0
-1.32476 0.86229 0
-0.610891 1.18645 0
-1.142 0.442407 0
-0.586445 0.933409 0
-0.545762 0.658554 0
-0.833484 0.58174 0
-0.344111 0.195341 0
-0.499098 0.793892 0
-1.07647 1.21723 0
-1.43691 1.39201 0
-0.946442 1.25816 0
-0.650802 0.82796 0
-0.0214499 1.03713 2
-0.612308 1.02953 0
-0.428676 1.20622 0
-0.8728 0.533239 0
-1.09067 1.71724 0
-1.02328 0.619928 0
-0.244184 0.824302 0
-0.544567 1.00682 0
-1.42991 0.0859553 0
-0.633597 0.691424 0
-1.09699 0.974299 0
-0.824436 1.67883 0
-0.723393 1.04476 0
-0.858886 0.104628 0
-1.18397 -0.00212305 0
-0.388778 1.00509 0
-0.671025 0.622692 0
-0.976893 0.708957 0
-1.16483 0.743818 0
-0.832393 0.666978 0
-0.596545 0.369368 0
-0.490212 0.54585 0
-0.897163 0.843949 0
-0.947676 1.54966 0
-0.651842 0.760409 0
-1.24292 0.99872 0
-1.10114 0.417831 0
-0.827716 0.373746 0
-0.849205 0.884258 0
-1.46071 1.39064 0
-0.809454 -0.0862043 0
-1.00143 0.953441 0
-1.41882 0.798795 0
-0.852406 1.13805 0
-0.138347 0.791034 0
-0.537083 0.711617 0
-1.10993 0.891485 0
-0.846964 0.605309 0
-0.355936 0.491394 0
-0.766481 1.49705 0
-0.907869 1.09661 0
-0.171688 0.363788 0
-0.68755 0.863307 0
-0.482628 1.06642 0
-1.27759 0.955718 0
-0.576465 0.918033 0
-0.880363 0.841921 0
-0.193028 1.25562 0
-1.00821 0.673927 0
-1.31523 0.469434 0
-0.920009 0.309086 0
-1.41277 0.348208 0
-1.60513 0.575084 0
-1.49982 0.784075 0
-0.311828 0.448661 0
-1.47876 1.40667 0
-0.918066 1.11336 0
-1.20206 1.22798 0
-0.156448 1.22609 0
-0.768563 1.21033 0
-1.02155 1.07083 0
-0.748271 1.25288 0
-1.55868 0.263641 0
-1.13237 0.577951 0
-0.949167 0.441727 0
0.271995 0.581248 2
-0.836229 1.56911 0
-0.916055 0.366314 0
-0.995618 1.01763 0
-0.102536 0.973728 0
-0.88776 0.583812 0
-0.468285 0.295614 0
-0.195714 0.825162 0
-1.50124 0.979163 0
-0.574026 1.37985 0
-1.29225 0.394556 0
-1.07181 1.34771 0
-0.37398 0.651356 0
-1.31484 1.08701 0
-1.49291 0.909396 0
-0.65974 0.499577 0
-1.40342 1.40039 0
-0.691584 0.54271 0
-0.289254 0.220027 0
-0.911092 0.854123 0
-0.963763 1.24216 0
-0.323956 0.382549 0
-1.67969 1.43568 0
-0.252862 1.08387 0
-1.08611 0.420702 0
-1.18636 0.400226 0
-0.764689 1.28551 0
-1.0895 0.10998 0
-0.591851 0.142207 0
-0.695296 0.0541325 0
-0.0200991 1.01688 2
-0.391121 0.548884 0
-0.92358 0.625676 0
-0.581905 0.777085 0
-1.02342 0.623329 0
-1.17309 1.09372 0
-1.3803 1.3412 0
-1.09373 0.757514 0
-1.1075 1.12702 0
-0.571973 1.0327 0
-1.0242 1.22404 0
-0.587035 0.763884 0
-1.3517 0.23135 0
-1.31966 1.10074 0
-0.307373 0.865361 0
-0.345396 0.704057 0
-0.600189 0.732134 0
-0.819262 0.278443 0
-0.120563 0.371513 0
-1.12987 1.12915 0
-1.1127 0.710765 0
-0.175561 0.706658 0
-1.14948 0.779477 0
-1.0432 1.28088 0
-1.09106 1.09045 0
-1.3745 0.500128 0
-1.01708 0.72392 0
-1.17711 0.86909 0
-0.499022 0.585696 0
-0.649329 0.805267 0
-1.03743 0.805088 0
-0.959403 -0.151486 1
-1.35569 0.596695 0
-0.0272082 0.367362 0
-0.453663 0.780271 0
-1.28914 0.972705 0
-0.960837 1.14259 0
-0.356934 0.756023 0
-1.14525 0.564329 0
-1.36602 0.988796 0
-0.500009 0.903973 0
-1.12139 0.770716 0
-0.867435 0.606963 0
-0.919392 1.54197 0
-1.50021 1.2546 0
-1.55789 1.48378 0
-0.806624 1.47045 0
-0.57347 0.439965 0
-0.387427 1.54707 0
-0.777588 1.34164 0
-0.494558 -0.0682506 0
-1.46895 2.26753 0
-0.118107 0.638368 0
-1.52231 1.26907 0
-0.960274 1.01252 0
-2.07722 1.47323 0
-0.949365 0.49964 0
-0.403868 0.743356 0
-1.59678 0.678447 0
-0.373372 0.405944 0
-0.754331 1.05021 0
-0.249896 0.804793 0
-1.11564 1.32324 0
-0.0921501 0.83198 0
-0.617713 1.49211 0
-0.902765 0.511819 0
-0.0110559 1.31219 2
-0.638142 0.50391 0
-0.504134 1.12235 0
0.0269168 1.64205 2
-1.00247 -0.0156632 0
-0.547135 0.232352 0
-1.08357 0.901515 0
-1.15657 0.1394 0
-0.418602 1.05911 0
-1.75486 0.503669 0
-0.757872 0.805927 0
-0.783809 0.711967 0
-1.06308 0.957727 0
-0.06342 0.44663 0
-0.686239 1.06379 0
-1.02987 0.990236 0
0.107806 0.755776 2
-0.310805 0.324469 0
-0.930353 0.25032 0
-1.11214 1.14405 0
-0.93251 0.496072 0
-1.13814 1.08053 0
-1.1198 1.56809 0
-0.798778 0.796035 0
-0.204334 1.27893 0
-0.847706 1.03724 0
-0.555469 0.364266 0
-0.529692 0.747419 0
-1.43305 0.98594 0
-0.605438 0.181187 0
-1.21692 1.21786 0
-1.57257 0.891779 0
-0.0137677 0.687474 2
-0.777478 1.01065 0
-0.898993 1.08866 0
-0.619351 1.87876 0
-0.643198 1.07906 0
-1.27217 0.88023 0
-1.53882 1.40268 0
-0.36864 0.0544989 0
-1.11493 1.04061 0
-0.874968 0.413889 0
-1.14328 0.674094 0
-0.351458 0.110501 0
-0.68677 1.25872 0
-1.19579 0.228722 0
-0.773066 0.59745 0
-0.526373 1.09683 0
-0.740029 0.500647 0
-1.35014 0.76905 0
-0.877632 1.35214 0
-1.114 1.03776 0
-1.15188 0.68923 0
0.511965 0.868846 2
-0.94013 1.16342 0
-1.11164 0.775027 0
-0.471289 0.170623 0
-0.752157 0.776305 0
-0.00119512 1.06782 2
-0.99448 0.607987 0
-0.686659 1.38259 0
-1.04152 1.16571 0
-1.5038 1.11035 0
-0.902205 0.303543 0
-1.67542 0.996916 0
-0.698371 0.805616 0
-0.667788 0.681323 0
-1.1334 0.588633 0
-0.853024 0.539876 0
-0.49825 0.633517 0
-1.18108 0.535499 0
-0.946645 -0.051623 0
-0.57829 0.563365 0
-0.392136 1.61056 0
-1.08441 1.08671 0
-0.876534 1.14107 0
0.0646401 0.505768 2
-0.372826 0.61597 0
-0.865352 0.451434 0
-0.77583 0.345887 0
0.0525583 0.183618 0
-1.15376 1.25358 0
-1.15343 0.400123 0
-1.24308 0.399548 0
-1.20788 0.783878 0
-0.498523 1.00915 0
-0.87377 0.680073 0
-1.36416 0.991459 0
-0.35391 0.274092 0
-1.37366 1.10538 0
-0.566697 1.19193 0
-1.08925 1.04842 0
-0.792457 1.33967 0
-1.05279 1.18827 0
-1.16101 0.995649 0
-1.17039 0.685596 0
-0.671016 1.05603 0
-0.769891 1.57992 0
-1.51477 0.882143 0
-0.595447 0.677477 0
-1.94223 0.143652 0
-1.29046 0.450442 0
-0.936096 0.152364 0
-1.46707 0.62199 0
-1.16175 0.542562 0
-0.692338 0.525461 0
-0.956864 0.63988 0
-0.818827 0.336194 0
-1.06185 0.19671 0
-1.20394 0.732959 0
-1.45246 0.49279 0
-0.665555 1.38814 0
-0.526899 0.713795 0
-1.5783 0.784197 0
-1.22796 0.286283 0
-1.11315 1.46964 0
-1.11811 1.29671 0
-1.16274 1.03727 0
-0.810443 0.785432 0
-0.65873 1.93796 0
-1.20211 1.20996 0
-1.05767 0.250744 0
-0.661909 1.0884 0
-0.367464 0.980287 0
-0.808914 0.269833 0
-0.399827 1.28819 0
-0.391462 1.11565 0
-0.304779 0.7502 0
-1.0091 0.819026 0
-1.49352 0.664615 0
-0.845697 0.659619 0
-0.480955 0.726538 0
-0.703184 0.142543 0
-1.03808 0.278288 0
-0.682525 1.0599 0
-1.48191 1.12143 0
-0.837922 1.7115 0
-1.45973 -0.000444336 0
-0.49173 0.49669 0
-0.9263 0.934138 0
-0.268451 -0.189293 0
-0.847714 1.03069 0
-0.844159 0.239796 0
-0.590039 0.681346 0
-0.794397 0.609983 0
-1.05209 0.742085 0
-0.402692 0.983132 0
-1.10142 0.935953 0
-0.869073 0.839598 0
-0.780577 1.03692 0
-1.72249 0.763668 0
-0.912302 0.685955 0
-0.92227 0.928325 0
-0.661683 0.553118 0
-1.07399 0.539924 0
-0.759639 0.369055 0
-0.130096 0.972346 0
-1.63334 2.08868 0
-1.12605 1.13671 0
-0.99592 0.171725 0
-0.315697 1.22019 0
-0.687575 1.24649 0
-0.831622 1.2517 0
-0.970088 1.17799 0
-0.595359 0.988561 0
-1.4866 1.13309 0
-0.921761 0.452627 0
-0.944902 0.96807 0
-1.23515 1.43282 0
0.413912 0.859092 2
-1.02765 0.602464 0
-1.07648 0.994215 0
-1.67618 -0.979042 1
-1.33198 -0.916733 1
-0.971432 -0.727095 1
-0.941713 -0.967094 1
-1.24003 -1.56056 1
-0.37869 -1.34751 1
-1.25914 -0.440632 1
-1.41925 -0.822677 1
-1.09098 -1.07217 1
-1.13638 -0.925003 1
-1.54423 -0.526676 1
-2.19052 -0.733748 1
-0.76516 -0.306855 1
-1.16735 -1.25572 1
-0.969864 -0.573721 1
-0.691123 -1.25507 1
-0.999564 -0.665948 1
-1.05166 -1.45395 1
-0.883375 -1.5538 1
-0.870199 -0.643168 1
-0.938004 -0.966472 1
-0.636829 -0.440982 1
-0.440554 -0.724284 1
-1.6217 -0.475601 1
-1.0206 -1.53926 1
-1.0141 -0.562634 1
-0.352335 -1.02623 1
-1.17579 -1.29927 1
0.00879883 -0.565442 0
-0.151076 -0.991453 1
-1.35921 -0.924925 1
-1.71742 -1.11896 1
-0.604753 -0.611814 1
-1.36122 -1.10757 1
-0.825247 -0.630726 1
-0.501884 -0.619313 1
-0.702361 -1.21838 1
-0.868101 -0.742905 1
-0.622682 -1.15317 1
-1.24748 -0.990796 1
-0.717324 -1.18041 1
-0.720526 -0.580971 1
-1.43035 -1.0943 1
-1.60382 -1.04068 1
-2.06516 -1.11107 1
-1.20315 -1.43244 1
-1.26272 -0.881797 1
-0.682263 -0.908809 1
-1.44789 -1.05202 1
-0.940994 -1.53622 1
-1.79303 -0.641124 1
-1.00248 -1.07388 1
-1.35882 -0.680257 1
-0.763104 -1.36132 1
-1.10543 -1.43213 1
-1.48066 -0.819289 1
-1.79423 -1.2399 1
-1.45377 -1.09609 1
-0.983961 -1.32214 1
-1.23868 -1.44808 1
-0.964501 -1.76703 1
-1.18873 -0.654273 1
-1.28048 -1.34956 1
-0.852835 -1.00156 1
-0.682122 -0.0520943 0
-2.03772 -0.728374 1
-1.49327 -0.901246 1
-1.35939 -0.972395 1
-1.09143 -0.888553 1
-0.509843 -1.84557 1
-1.09629 -0.761401 1
-0.978244 -1.52626 1
-1.08066 -0.937969 1
-0.826527 -1.2506 1
-1.20705 -0.121378 1
-1.33057 -0.891654 1
-1.1541 -0.83332 1
-0.115908 -1.49708 1
-0.951341 -1.10402 1
-1.02351 -1.12831 1
-1.38746 -1.09064 1
-0.310027 -0.974339 1
-1.16901 -0.861553 1
-0.713848 -0.906256 1
-1.84798 -1.18064 1
-1.60998 -1.4151 1
-1.41801 -1.67259 1
-0.980622 -0.638817 1
-0.665741 -0.880996 1
-1.50444 -1.11854 1
-1.04131 -0.648915 1
-0.299194 -1.09605 1
-1.35258 -0.766328 1
-0.700145 -2.54201 1
-1.30505 -0.777094 1
-1.06448 -0.916289 1
-0.900865 -1.05685 1
-1.84095 -0.634942 1
-0.807886 -0.570422 1
-0.425585 -1.35369 1
-1.55702 -1.09101 1
-1.52303 -1.27603 1
-1.13932 -0.764453 1
-0.791251 -1.34983 1
-0.717586 -1.1246 1
-1.64706 -0.629702 1
-1.63174 -1.31449 1
-0.807552 -1.0442 1
-0.653186 -1.30403 1
-0.632298 -1.37029 1
-0.701035 -1.35599 1
-0.922236 -0.958542 1
-1.27529 -0.729041 1
-1.35405 -0.691166 1
-0.74604 -0.663664 1
-0.420939 -0.78619 1
-0.759961 -0.549994 1
-1.49072 -0.616346 1
-1.50491 -0.604086 1
-0.521305 -1.43329 1
-1.15414 -1.02914 1
-0.451607 -2.01557 1
-1.16495 -1.48901 1
-1.41451 -1.47619 1
-0.536454 -0.856025 1
-0.336898 -0.751351 1
-1.1827 -0.746902 1
-1.07531 -0.378357 1
-1.22571 -0.580659 1
-1.13967 -1.18469 1
-0.721791 -0.233133 1
-0.977385 -0.822788 1
-0.437582 -0.533134 1
-0.803189 -1.19327 1
-0.948562 -0.976028 1
-0.85702 -1.22374 1
-1.68867 -0.829134 1
-1.18627 -0.501712 1
-0.930151 -0.925341 1
-1.12758 -0.629509 1
-0.29705 -1.46588 1
-0.999461 -1.20466 1
-1.34271 -1.47794 1
-1.03691 -0.717723 1
-1.80265 -0.65142 1
-0.576736 -0.690112 1
-0.953061 -1.43485 1
-1.00759 -1.04447 1
-1.32223 -0.263674 1
-1.47865 -0.872524 1
-1.07241 -1.25778 1
-0.60038 -1.28606 1
-0.70717 -1.04008 1
-1.26411 -0.644299 1
-1.26074 -1.16864 1
-1.06158 -1.1949 1
-0.977935 -1.54143 1
-1.23635 -0.701594 1
-1.22136 -1.23815 1
-0.863499 -0.766498 1
-1.64815 -1.08025 1
-0.695307 -0.893417 1
-0.611232 -1.19885 1
-0.680664 -1.32302 1
-0.577332 -1.46999 1
-1.23563 -1.46915 1
-0.364871 -2.06281 1
-0.336663 -1.67042 1
-0.75249 -1.32353 1
-1.43355 -0.602828 1
-0.47185 -0.821787 1
-0.51864 -1.57131 1
-0.712008 -0.837892 1
-1.52652 -1.52015 1
-0.936515 -1.01393 1
-0.831822 -1.11308 1
-0.959366 -1.0007 1
-1.29104 0.0701273 0
-0.468207 -1.03984 1
-1.51008 -1.19185 1
-0.579203 -0.679513 1
-1.12506 -1.72965 1
-1.47384 -0.366603 1
-0.813657 -0.886427 1
-0.999733 -1.01207 1
-1.31798 -1.19125 1
-1.1738 -0.534104 1
-1.53549 -1.28287 1
-1.58687 0.0483844 0
0.000365234 -0.442365 0
-1.02743 -0.703566 1
-1.40495 -0.879464 1
-1.03185 -0.274147 1
-1.09209 -1.02958 1
-0.976102 -0.754056 1
-1.17564 -1.12601 1
-0.591184 -0.931637 1
-0.673171 -0.862461 1
-1.12639 -1.13015 1
-1.16007 -0.59863 1
-1.16994 -1.0296 1
-0.786073 -0.663705 1
-0.650149 -0.339365 1
-1.2858 -0.499187 1
-1.16704 -0.791892 1
-1.65962 -1.88616 1
-1.2643 -1.38187 1
-1.74502 -1.47376 1
-0.732365 -1.09431 1
-0.753635 -1.57407 1
-0.981271 -0.765081 1
-0.672975 -1.09257 1
-1.02282 -1.28846 1
-0.575775 -0.518624 1
-0.830516 -0.837477 1
-1.08519 -1.02546 1
-0.743925 -0.633112 1
-0.64303 -1.27323 1
-1.26577 -1.12375 1
-1.1943 -1.08117 1
-1.71622 -1.79892 1
-1.27171 -1.22952 1
-1.21002 -1.56911 1
-1.21694 -1.00189 1
-1.05171 -0.556861 1
-2.14243 -1.44946 1
-0.713669 -0.882168 1
-1.81638 -1.06379 1
-0.591001 -0.628376 1
-1.26877 -1.2179 1
-1.69138 -1.67869 1
-1.0747 -1.11954 1
-1.21426 -1.19255 1
-1.05536 -0.914733 1
-1.04413 -1.25907 1
-1.17041 -1.47875 1
-1.87174 -1.16347 1
-1.29949 -1.70915 1
-0.935285 -1.09716 1
-1.18039 -1.60512 1
-0.675314 -1.14736 1
-0.806988 -1.23174 1
-1.88257 -2.04964 1
-0.351624 -0.858678 1
-0.724923 -1.34255 1
-1.82915 -0.706463 1
-1.51561 -1.15879 1
-0.652341 -1.09457 1
-0.497245 -0.718488 1
-1.30023 -0.83644 1
-1.82674 -0.931118 1
-1.28064 -0.961142 1
-1.76186 -1.62611 1
-1.39169 -0.923617 1
-0.614258 -0.485707 1
-1.17344 -1.47298 1
-0.73318 -1.22759 1
-0.512306 -1.10937 1
-0.506749 -1.11917 1
-1.38437 -0.723204 1
-2.12089 -0.817847 1
-0.449599 -0.691089 1
-1.23114 -1.15887 1
-1.056 -0.952376 1
-0.430764 -1.287 1
-0.863246 -0.637996 1
-0.80756 -0.820937 1
-0.684464 -1.13997 1
-0.774493 -1.20306 1
-1.68398 -0.962337 1
-0.739598 -1.6856 1
-0.749819 -0.912551 1
-1.04091 -0.630504 1
-2.0921 -1.06968 1
-1.42333 -0.941079 1
-0.39218 -0.839453 1
-1.29248 -0.878746 1
-0.759136 -1.51398 1
-0.84854 -1.00774 1
-0.643773 -0.822864 1
-0.449169 -1.48808 1
-0.83583 -0.677028 1
-1.57784 -1.37454 1
-1.33343 -0.900485 1
-1.48867 -1.67084 1
-0.748054 -1.27416 1
-1.47157 -0.725546 1
-0.906005 -0.178977 1
-1.62137 -0.811929 1
-0.741463 -0.626677 1
-0.829176 -0.491591 1
-0.92165 -0.90788 1
-0.979334 -0.154371 1
-1.22814 -0.93832 1
-1.65616 -0.773447 1
-0.885511 -1.14802 1
-1.01055 -0.310221 1
-1.50562 -0.637983 1
-0.949508 -0.566164 1
-0.471955 -0.68338 1
-0.853841 -0.820258 1
-0.688955 -0.476792 1
-1.81189 -1.03796 1
-0.656029 -0.708148 1
-1.11298 -1.39242 1
-1.49282 -0.718648 1
-0.623473 -0.506425 1
-1.71371 -0.988376 1
-1.35154 -0.802672 1
-0.517149 -0.933474 1
-0.137332 -0.846926 0
-1.13208 -0.667787 1
-1.28838 -1.01445 1
-1.01152 -1.0642 1
-1.23145 -1.03112 1
-1.50098 -0.96354 1
-1.01412 -0.970346 1
-0.973872 -1.99944 1
-0.803796 -1.16675 1
-0.699039 -1.35688 1
-1.1064 -1.2739 1
-1.54173 -0.654236 1
-0.605585 -1.23854 1
-0.6065 -0.760487 1
-1.18395 -1.92772 1
-0.643086 -0.67988 1
-1.63727 -1.46524 1
-0.859442 -1.04909 1
-0.720287 -1.57366 1
-0.798084 -0.598848 1
-1.0407 -0.899339 1
-0.496118 -0.20133 0
-0.649875 -1.36976 1
-1.26668 -1.30833 1
-1.32928 -0.714013 1
-0.845223 -1.65317 1
-0.802613 -1.21914 1
-0.915211 -0.643845 1
-1.16596 -1.10314 1
-0.79279 -1.3815 1
-0.824281 -1.15772 1
-1.37948 -0.860052 1
-1.61911 -1.33872 1
-1.26876 -1.29558 1
-0.989917 -0.964759 1
-0.312745 -1.72145 1
-1.20464 -0.711016 1
-1.38079 -0.677714 1
-1.54494 -0.73329 1
-0.702228 -0.729126 1
-1.14063 -1.33326 1
-1.38312 -0.573022 1
-0.80031 -2.06065 1
-1.1695 -0.593287 1
-1.43359 -0.320487 1
-0.291507 -0.769465 1
-0.705796 -1.3315 1
-1.16803 -1.54513 1
-1.33636 -1.39206 1
-0.845513 -0.841492 1
-0.328549 -0.591395 1
-0.530648 -0.659195 1
-1.12946 -1.46535 1
-0.837011 -1.21088 1
-0.645223 -0.874143 1
-1.09875 -0.856596 1
-0.541143 -1.40223 1
-0.946803 -0.578731 1
-0.65605 -0.775129 1
-0.9541 -0.490741 1
-1.32987 -0.43794 1
-0.96425 -0.0239408 0
-0.262586 -0.627709 1
-1.05559 -0.864728 1
-0.49979 -1.38859 1
-1.00365 -1.51388 1
-0.552339 -1.47969 1
-1.1381 -1.07581 1
-0.843121 -0.827131 1
-0.917355 -1.4993 1
-0.454504 -1.04461 1
-1.38471 -1.21307 1
-0.610439 -1.11629 1
-1.3626 -0.832329 1
-0.999485 -0.359736 1
-1.065 -1.65023 1
-0.224125 -1.02292 1
-0.431052 -1.06734 1
-1.36238 -0.421391 1
-0.873024 -1.07281 1
-1.33521 -1.32071 1
-1.74642 -0.303891 1
-1.03404 -1.06842 1
-0.552948 -1.01364 1
-1.39707 -0.888995 1
-1.58795 -0.726641 1
-1.28986 -1.40165 1
-0.328207 -0.751101 1
-0.564002 -0.879262 1
-1.08314 -1.04145 1
-0.726786 -0.683173 1
-0.446267 -0.810587 1
-1.40369 -0.69109 1
-0.876732 -0.877937 1
-0.832416 -1.50317 1
-1.05429 -1.25559 1
-0.858656 -1.04444 1
-1.30281 -1.16674 1
-0.331005 -1.07267 1
-1.36539 -1.39482 1
-1.25337 -0.988033 1
-1.06323 -1.31381 1
-0.975131 -1.6583 1
-0.860763 -1.06573 1
-1.23429 -1.1276 1
-1.3761 -0.976826 1
-0.467002 -0.590184 1
-1.08346 -1.09421 1
-1.07421 -1.26189 1
-1.30915 -0.931709 1
-1.27851 -0.154812 1
-1.37081 -0.971783 1
-0.95798 -0.802288 1
-0.952672 -1.01517 1
-0.50863 -1.37073 1
-0.853917 -1.09661 1
-1.02115 -0.897315 1
-0.525333 -0.737869 1
-1.595 -0.694497 1
-0.390031 -1.19906 1
-0.83274 -1.05009 1
-1.04549 -1.31898 1
-1.02785 -0.898382 1
-1.33045 -0.810365 1
-1.7382 -1.25714 1
-1.31349 -0.736897 1
-1.21662 -1.1967 1
-0.500985 -0.988267 1
-1.04123 -0.823809 1
-1.39584 -1.13936 1
-0.535096 -0.488649 1
-0.941196 -0.834496 1
-1.30736 -0.829768 1
-1.43818 -1.00038 1
-1.34786 -1.10539 1
-1.23109 -0.869724 1
-0.567842 -0.923571 1
-1.63115 -1.60775 1
-1.60208 -0.630319 1
0.0811097 -1.66516 0
-1.51458 -1.198 1
-0.893182 -0.663026 1
-0.433903 -1.0463 1
-1.19902 -0.129634 1
-1.1199 -0.691092 1
-1.6664 -1.19486 1
-1.0877 -1.37409 1
-1.01678 -1.16868 1
-0.57295 -0.98132 1
-1.37791 -1.20976 1
-1.20745 -1.23336 1
-1.23724 -1.36348 1
-1.30857 -0.627967 1
-0.827057 -1.58618 1
-1.40653 -1.01672 1
-1.18616 -1.01028 1
-1.08888 -0.682122 1
-0.894303 -0.83335 1
-0.97515 -0.876555 1
-1.55133 -0.587665 1
-1.11245 -1.06876 1
-0.431649 -0.538498 1
-1.32119 -1.81299 1
-1.01748 -1.22077 1
-0.91638 -0.471988 1
-0.565072 -1.38373 1
-0.729924 -1.77873 1
-0.864686 -1.33454 1
-1.0248 -0.366732 1
-1.01343 -1.59863 1
-0.919779 -1.45438 1
-1.02137 -0.822957 1
-1.32723 -0.815087 1
-1.36084 -1.18593 1
-1.92411 -0.897123 1
-1.16687 -2.24446 1
-1.31856 -1.33237 1
-0.39067 -1.24187 1
-1.69885 -1.14349 1
-1.33697 -0.211081 1
-1.23854 -1.20532 1
-1.39466 -0.893757 1
-0.535097 -1.16568 1
-0.465304 -1.43296 1
-1.01835 -1.11882 1
-1.07781 -0.530997 1
-1.47054 -1.23421 1
-1.73457 -1.48006 1
-0.971467 -1.03273 1
-1.44038 -1.18616 1
-1.83248 -1.07341 1
-0.437397 -0.416795 1
-0.990415 -1.53152 1
-0.917075 -1.18874 1
-1.57655 -0.901148 1
-0.336749 -0.267696 0
-1.44575 -0.693572 1
-0.239244 -1.02655 1
-0.279076 -0.303537 0
-1.14316 -0.106587 1
-1.0278 -1.2692 1
-1.60904 -0.212157 1
-1.27676 -1.28877 1
-0.632926 -1.01243 1
-0.975779 -2.01676 1
-0.802132 -2.06007 1
-1.29708 -0.469201 1
-1.53235 -0.851242 1
-1.23273 -0.513384 1
-0.669419 -1.24774 1
-1.17128 -0.246364 1
-1.20512 -0.848172 1
-1.00068 -1.62554 1
-0.307823 -1.02945 1
-1.05597 -1.45282 1
-0.521686 -0.407936 1
-1.94289 -0.859016 1
-0.501347 -0.846224 1
-0.832049 -1.2993 1
-1.75561 -1.51972 1
-0.769517 -1.58301 1
-1.72545 -1.12972 1
-0.988367 -0.727386 1
-1.2923 -0.923846 1
-0.996468 -0.732213 1
-0.982173 -1.02463 1
-1.071 -1.22875 1
-0.614944 -1.07597 1
-0.785647 -0.650528 1
-0.785543 -0.700698 1
-1.22963 -1.04131 1
-1.24131 -1.48366 1
-1.78063 -0.772283 1
-1.1228 -0.63676 1
-0.821218 -0.589475 1
-1.25659 0.0604227 0
-0.504538 -0.882398 1
-0.856329 -0.928059 1
-0.763293 -0.877165 1
-0.589852 -0.884751 1
-1.15688 -0.967712 1
-0.770732 -1.22717 1
-1.2681 -1.24037 1
-1.49636 -0.934095 1
-1.0961 -0.723829 1
-1.28334 -1.18218 1
-0.4918 -1.23623 1
-1.51414 -1.24004 1
-0.377475 -0.877661 1
-1.14636 -0.810811 1
-0.780612 -1.29057 1
-1.26031 -1.21349 1
-1.04822 -1.08328 1
-0.708509 -1.09532 1
-0.933945 -0.619252 1
-1.7559 -0.883856 1
-0.855623 -0.854976 1
-0.852327 -1.02905 1
-1.69162 -1.35995 1
-0.727606 -0.765858 1
-1.35471 -0.709168 1
-0.807289 -0.314871 1
-0.766568 -1.24643 1
-1.35998 -1.20613 1
-0.652992 -0.892981 1
-0.610491 -0.675999 1
-1.66832 -0.797138 1
-0.895452 -1.5715 1
-1.15344 -1.12703 1
-1.10707 -0.936322 1
-0.590913 -0.89638 1
-0.740773 -0.583133 1
-0.822932 -0.810193 1
-1.44439 -1.10164 1
-0.939889 -1.42436 1
-0.501122 -1.24355 1
-1.46251 -0.967659 1
-0.426085 -1.34181 1
-1.1176 -1.93666 1
-1.78115 -1.15687 1
-1.05424 -1.23464 1
-1.09022 -1.07901 1
-1.08539 -0.809757 1
-0.978795 -1.60407 1
-1.55168 -1.2426 1
-1.62378 -0.86696 1
-1.17347 -1.92875 1
-0.821932 -1.18578 1
-0.758159 -0.944102 1
-1.10598 -0.431431 1
-1.47818 -0.942939 1
-1.09027 -1.16163 1
-1.78556 -1.02321 1
-1.20879 -1.13806 1
-1.09479 -1.48489 1
-0.467378 -0.69867 1
-1.09413 -1.21705 1
-1.13799 -0.99975 1
-1.7698 -1.47479 1
-0.946129 -0.407484 1
-0.743205 -1.22263 1
-1.25635 -1.08902 1
-1.5926 -0.783822 1
-1.06461 -1.7651 1
-1.06525 -1.68173 1
-0.738912 -0.843423 1
-1.57033 -1.18941 1
-1.7147 -0.288337 1
-1.38237 -1.4033 1
-0.677091 -0.272407 1
-1.51446 -0.468746 1
-0.904647 -1.23502 1
-0.594213 -0.199629 0
-0.804375 -1.25118 1
-0.961699 -0.712274 1
-1.19102 -0.910627 1
-1.02024 -1.15218 1
-0.880774 -1.99118 1
-0.825716 -1.16452 1
-1.08393 -0.931995 1
-0.629207 -1.55102 1
-1.21531 -0.932913 1
0.0507368 -1.13316 0
-1.5231 -0.295733 1
-0.651698 -0.88025 1
-1.17437 -1.30897 1
-1.4748 -1.46883 1
-0.229205 -1.24575 1
-1.15115 -0.395416 1
-0.71236 -0.961484 1
-0.863766 -0.436837 1
-1.09177 -1.0519 1
-1.73558 -0.618612 1
-0.957759 -0.907489 1
-1.45898 -1.37231 1
-0.877966 -0.805847 1
-1.22467 -0.931058 1
-0.629173 -1.0329 1
-1.15994 -0.565672 1
-0.887794 -0.626412 1
-1.08474 -1.21374 1
-1.25245 -0.951151 1
-0.712665 -1.62271 1
-0.417218 -0.78127 1
-0.971851 -1.99187 1
-1.28345 -0.822998 1
-1.93954 -1.07269 1
-0.939989 -0.950451 1
-0.141536 -1.02106 1
-0.719051 -0.784009 1
-0.887612 -1.24135 1
-0.817621 -0.664578 1
-0.630348 -0.814258 1
-1.86251 -1.49999 1
-0.860557 -1.42209 1
-0.908521 -1.57547 1
-1.01525 -1.06658 1
-1.6648 -0.086013 1
-1.40055 -1.52378 1
-1.16194 -0.822384 1
-0.893476 -0.270739 1
-1.10451 -0.554053 1
-1.21718 -1.25662 1
-1.28414 -0.82986 1
-1.50505 -0.661514 1
-1.04297 -1.15188 1
-0.905051 -1.20892 1
-1.27451 -1.56639 1
-1.32252 -1.56397 1
-0.669133 -1.30624 1
-0.239142 -0.97875 1
-1.15593 -0.637518 1
-0.198709 -1.6002 1
-0.907349 -0.892403 1
-1.62059 -1.46747 1
-0.329609 -1.54978 1
-1.6121 -1.69761 1
-0.351824 -0.833151 1
-1.40589 -1.97479 1
-1.00785 -1.13466 1
-0.822438 -1.04052 1
-0.749354 -0.9107 1
-1.04581 -0.170202 1
-1.31027 -0.88346 1
-0.953122 -1.2784 1
-0.965177 -1.46124 1
-1.12936 -0.888958 1
-1.07048 -1.22269 1
-0.207837 -1.36461 1
-1.1905 -1.2833 1
-0.536848 -0.959755 1
-0.306867 -1.18873 1
-0.588356 -0.750237 1
-0.433815 -1.17126 1
-1.08732 -1.7169 1
-1.19131 -1.56579 1
-1.22267 -0.963814 1
-1.31204 -1.52291 1
-0.714067 -1.60789 1
-0.414421 -1.07925 1
-1.27175 -1.37722 1
-0.701655 -1.73404 1
-1.00921 -0.99962 1
-0.990411 -1.08931 1
-1.18126 -1.22768 1
-1.05935 -0.968715 1
-0.983036 -0.448672 1
-1.1094 -0.871256 1
-0.684531 -1.46874 1
-1.58267 -1.38488 1
-0.915123 -1.27347 1
-0.688323 -0.16959 0
-0.683628 -0.989739 1
-1.17505 -0.973331 1
-0.509543 -1.21682 1
-1.27477 -0.678106 1
-0.419711 -1.39964 1
-0.961992 -0.138173 1
-0.598072 -1.2611 1
-0.773243 -0.613016 1
-1.10747 -0.881007 1
-1.16216 -1.08683 1
-1.16815 -0.73428 1
-0.681629 -0.960857 1
-1.20089 -0.845307 1
-0.603389 -1.36845 1
-0.419707 -0.30449 0
-1.08006 -0.304626 1
-1.1597 -0.892746 1
-0.968506 -1.21123 1
-1.03107 -1.16663 1
-1.54487 -1.55032 1
-1.10547 -1.58969 1
-1.27036 -0.822849 1
-1.45035 -0.893401 1
-1.07485 -0.806061 1
-1.25194 -0.897906 1
-0.969092 -1.34381 1
-0.360227 -0.742689 1
-1.68216 -0.379847 1
-0.755646 -0.852013 1
-1.11952 -0.433259 1
-2.09728 -0.977163 1
-1.17787 -1.57726 1
-0.655585 -0.973181 1
-0.372945 -0.610042 1
-1.32831 -0.944174 1
-0.0207754 -1.32905 0
-1.33362 -0.993484 1
-0.988066 -0.68852 1
-0.947747 -0.786272 1
-1.28848 -1.19942 1
-1.38689 -1.09617 1
-0.619596 -1.43596 1
-1.55574 -0.616416 1
-0.650679 -0.213321 1
-1.72881 -0.765815 1
-1.51308 -0.851686 1
-1.15651 -1.77764 1
-1.51706 -0.890317 1
-1.10115 -1.56653 1
-0.763658 -0.863651 1
-1.3795 -0.991985 1
-1.2419 -1.1811 1
-1.34541 -0.880522 1
-0.551776 -0.627495 1
-0.414671 -1.155 1
-1.34401 -1.07264 1
-1.53919 -0.783991 1
-1.76878 -0.898082 1
-0.895627 -0.859954 1
-0.660948 -1.58407 1
-0.436281 -1.22822 1
-1.59959 -1.3197 1
-1.60492 -0.633868 1
-1.21693 -1.40116 1
-1.34001 -1.15981 1
-1.34108 -1.10433 1
-1.40138 -1.00988 1
-0.947084 -1.04162 1
-1.86438 -0.799054 1
-0.284025 -0.959661 1
-1.33408 -1.86148 1
-0.725782 -1.50049 1
-1.40248 -0.475958 1
-1.4691 -0.977583 1
-0.802272 -0.217205 1
-1.13686 -2.09568 1
-1.05823 -1.13563 1
0.137043 -1.28186 0
-1.4672 -1.29769 1
-0.749681 -1.02257 1
-0.933428 -0.124848 1
-0.414743 -0.835179 1
-0.895917 -1.56611 1
-1.17549 -0.956421 1
-1.14826 -1.07897 1
-0.905396 -0.328303 1
-0.982675 -0.664091 1
-0.756754 -0.962109 1
-1.16104 -1.18691 1
-1.80396 -0.885297 1
-0.956839 -1.04171 1
-1.63605 -1.79275 1
-1.13791 -0.622845 1
-0.574864 -1.31197 1
-1.59292 -1.38349 1
-1.62206 -0.533246 1
-1.12254 -0.908654 1
-1.39835 -2.02481 1
-0.610407 -0.647997 1
-1.3238 -0.573575 1
-1.02356 -1.00482 1
-0.64364 -0.969234 1
-1.22394 -1.34484 1
-1.14293 -0.653992 1
-0.997194 -0.548675 1
-1.15251 -1.13442 1
-1.36734 -1.24443 1
-1.79545 -1.56207 1
-2.3044 -1.08894 1
-0.917352 -2.04581 1
-1.03561 -0.44487 1
-0.654358 -1.4384 1
-1.88439 -0.964756 1
-1.16241 -1.16164 1
-1.24448 -1.02271 1
-1.23465 -1.14145 1
-1.59734 -1.37147 1
-0.767825 -1.17169 1
-0.771759 -0.906112 1
-1.47607 -0.795269 1
-1.52021 -1.80549 1
-1.86408 -1.00741 1
-1.62329 -0.192636 1
-1.22176 -1.50395 1
-1.26309 -0.924951 1
-0.883544 -0.94894 1
-0.921467 -1.12245 1
-1.13255 -0.937314 1
-1.16508 -1.36362 1
-0.910678 -0.739164 1
-0.96854 -1.17151 1
-1.26268 -0.44627 1
-1.52671 -0.981709 1
-1.15476 -1.01988 1
-1.84097 -0.110244 1
-1.09279 -0.805141 1
-1.02528 -0.96443 1
-1.28761 -0.612872 1
-0.811671 -0.561043 1
-0.856775 -1.33044 1
-0.938148 -0.455847 1
-1.09009 -0.942201 1
-0.794109 -1.39122 1
-1.60243 -0.341719 1
-0.765735 -1.14309 1
-1.29138 -0.971174 1
-1.53337 -0.692796 1
-0.817933 -1.47482 1
-1.55399 -1.21516 1
-1.39309 -0.8889 1
-0.184375 -1.39568 1
-0.411055 -1.60531 1
-0.0957513 -1.6239 1
-1.08432 -1.877 1
-0.738393 -1.00298 1
-0.869192 -1.44302 1
-0.855774 -1.38998 1
-0.532229 -1.85958 1
-0.562973 -0.959025 1
-0.716842 -0.927963 1
-0.949232 -1.25873 1
-1.63044 -1.22339 1
-1.60892 -0.633262 1
0.0711912 -0.834535 0
-0.997183 -1.15233 1
-1.40071 -1.05538 1
-1.183 -0.670968 1
-0.607806 -1.21855 1
-1.16291 -1.13051 1
-0.45423 -1.72262 1
-1.1692 -0.151322 1
-1.1262 -0.364268 1
-1.46716 -1.64616 1
-1.39765 -0.724745 1
-1.10437 -0.8363 1
-1.105 -1.37904 1
-1.58482 -1.61119 1
-1.56688 -2.02264 1
-1.80464 -0.579625 1
-0.383606 -0.284959 0
-1.09584 -1.06123 1
-1.21504 -1.12379 1
-1.30518 -1.36445 1
-1.21207 -1.23261 1
-0.931508 -0.834401 1
-0.972265 -1.57883 1
-1.20979 -1.07427 1
-1.06747 -1.01328 1
-1.33169 -1.32275 1
-1.28748 -1.5745 1
-1.34843 -0.884495 1
-1.1663 -1.73035 1
-1.16137 -1.29549 1
-0.963315 -0.907625 1
-1.33521 -0.510579 1
-1.09882 -1.26744 1
-0.67007 -0.275094 1
-0.609807 -0.853612 1
-1.53953 -1.61488 1
-1.03666 -0.863349 1
-1.65311 -1.72593 1
-0.254086 -1.44962 1
-0.577538 -1.30543 1
-0.994301 -1.03893 1
-0.474371 -0.566599 1
0.0520046 -1.09038 0
-1.01625 -0.905779 1
-0.660381 -1.33748 1
-0.387562 -0.686505 1
-0.944715 -1.81743 1
-1.13436 -1.23486 1
-1.20597 -1.26574 1
-1.14133 -0.80226 1
-1.31085 -1.54462 1
-1.08271 -1.35547 1
-0.53651 -0.8119 1
-0.62674 -0.841874 1
-1.00169 -1.55119 1
-0.97066 -1.10553 1
-0.793103 -0.533805 1
-1.05147 -1.11628 1
-0.872727 -2.21616 1
-0.933643 -1.52453 1
-1.17637 -1.00421 1
-0.53104 -1.46992 1
-1.29549 -1.64117 1
-0.979644 -1.0525 1
-0.485555 -1.07714 1
-1.10458 -1.19692 1
-1.05709 -1.56929 1
-0.887336 -1.7569 1
-0.943231 -0.796377 1
-1.19357 -1.20124 1
-0.489495 -1.40966 1
-0.904358 -1.49172 1
-0.714153 -1.89115 1
-1.60947 -1.56073 1
-1.32444 -1.83199 1
-1.72311 -0.719571 1
-0.355631 -0.907949 1
-0.410061 -1.18684 1
-0.979321 -0.810064 1
-0.9651 -0.981837 1
-0.830461 -1.05047 1
-1.14326 -0.435534 1
-0.845134 -0.878844 1
-0.843703 -1.02463 1
-0.765346 -0.859962 1
-1.38418 -0.283805 1
-0.719164 -0.609473 1
-1.95312 -0.599868 1
-1.92514 -1.27672 1
-0.708296 -1.2938 1
-0.996382 -0.681887 1
-1.56153 -1.00284 1
-0.93151 -1.82514 1
-1.40677 -1.18517 1
-0.516856 -1.41475 1
-1.02185 -0.871596 1
-0.776993 -1.17246 1
-0.799641 -1.26112 1
-1.73374 -1.1201 1
-0.371693 -1.77347 1
-1.40685 -0.768504 1
-0.623203 -1.17086 1
-0.477822 -1.4669 1
-0.83792 -0.87163 1
-1.72279 -1.87615 1
-0.676364 -0.504915 1
-1.32662 -0.663242 1
-0.719475 -1.03439 1
-1.37876 -0.648154 1
-0.320677 -1.23658 1
-1.06172 -0.909438 1
-1.30355 -1.65377 1
-1.76724 -0.489161 1
-1.13165 -0.961912 1
-1.29406 -0.457839 1
-0.352533 -0.605747 1
-0.22275 -1.31275 1
-0.249676 -1.0724 1
-2.41602 -0.887686 1
-1.09662 -0.454592 1
-0.845846 -1.67135 1
-1.04844 -1.0989 1
-1.48692 -0.578558 1
-1.32516 -1.34078 1
-1.30606 -1.2562 1
-0.85391 -0.603248 1
-0.23411 -1.18533 1
-1.4809 -0.863213 1
-1.64783 -1.40837 1
-1.10271 -0.72103 1
-1.18934 -0.735268 1
-0.673939 -1.23763 1
-1.42668 -0.916766 1
-1.2982 -0.72202 1
-0.990894 -1.30656 1
-0.949736 -0.954227 1
-0.33413 -1.70214 1
-0.693129 -1.19935 1
-0.947944 -1.1499 1
-0.801703 -0.541767 1
-1.08792 -0.59213 1
-1.00135 -1.54488 1
-1.37903 -0.730046 1
-0.555657 -0.562309 1
0.0522834 -1.52535 0
-0.577564 -1.19747 1
-1.05795 -1.05015 1
-1.06214 -1.23691 1
-1.17953 -0.707177 1
-0.688618 -1.03629 1
-1.7779 -0.816039 1
-1.21862 -1.23428 1
-0.163757 -0.898195 1
-0.707077 -1.29298 1
-0.857922 -1.02798 1
-1.25899 -1.15094 1
-1.51832 -1.31147 1
-0.615967 -1.80826 1
-1.12516 -0.749487 1
-1.47436 -1.16441 1
-0.504402 -1.20496 1
0.000306519 -0.350325 0
-1.3574 -1.10453 1
-1.46688 -0.397651 1
-1.06652 -1.09637 1
-1.44319 -1.67975 1
-1.35997 -1.26991 1
-1.30708 -1.05346 1
-0.944676 -1.03798 1
0.0836775 -1.74321 0
-1.0302 -0.92549 1
-0.127026 -1.13017 1
-0.894459 -1.74196 1
-0.829254 -0.942083 1
-0.676962 -0.668623 1
-1.18305 -1.00766 1
-0.960596 -0.792561 1
-1.29366 -0.643456 1
-0.404247 -1.63972 1
-0.772575 -1.17906 1
-0.524606 -0.881247 1
-0.822693 -0.709316 1
-0.739864 -0.745551 1
-1.19403 -1.50674 1
-1.03535 -0.393228 1
-0.924028 -0.778285 1
-1.61264 -0.836331 1
-0.838507 -1.51433 1
-0.913376 -0.904141 1
-0.974019 -0.666706 1
-1.84349 -1.45166 1
-1.81701 -0.914494 1
-1.2307 -0.503689 1
-0.886908 -0.991014 1
-0.952837 -1.3179 1
-1.02135 -1.37131 1
-1.16021 -1.62632 1
-1.07474 -0.703584 1
-0.634359 -0.590112 1
-1.21745 -0.710034 1
-0.648921 -0.897228 1
-1.38929 -1.23331 1
-1.59224 -1.41324 1
-0.209291 -0.92717 1
-0.728704 -1.26036 1
-1.12154 -0.745742 1
-0.62721 -1.77085 1
-0.417444 -1.23207 1
-0.644873 -1.06253 1
-1.41411 -1.01871 1
-0.37504 -0.462842 1
-1.87727 -0.289925 1
-0.963267 -1.10058 1
-0.573761 -0.721972 1
-1.33045 -1.2738 1
-0.745649 -1.52483 1
-0.736458 -0.665785 1
-1.55735 -0.194047 1
-0.782906 -0.848245 1
-0.521325 -0.939865 1
-0.864911 -0.583871 1
-0.946521 -1.28522 1
-0.668717 -1.02653 1
-1.04104 -1.16435 1
-0.476902 -0.634053 1
-0.256515 -1.09369 1
-0.747328 -1.43425 1
-0.377298 -1.09001 1
-1.62837 -0.83671 1
-0.328446 -1.34437 1
-0.900271 -0.736871 1
-0.879384 -1.43565 1
-1.29567 -1.21645 1
-1.30772 -0.945736 1
-0.768249 -0.477637 1
-0.364269 -1.36847 1
-0.583163 -0.917225 1
-0.457707 -1.70186 1
-1.65918 -0.601223 1
-1.35545 -0.824861 1
-0.814356 -1.96103 1
-0.323956 -0.776765 1
-1.37486 -1.22042 1
-1.277 -0.354232 1
-1.08374 -1.87165 1
-0.282981 -0.886164 1
-0.835218 -1.06172 1
-1.33992 -1.45777 1
-0.902537 -0.391195 1
-0.471009 -0.909987 1
-1.43889 -1.01423 1
-0.554739 -0.857938 1
-0.60569 -0.877576 1
-0.502956 -0.741304 1
-0.9823 -0.47226 1
-1.35486 -1.12254 1
-1.4604 -1.32635 1
-0.953253 -1.40788 1
-0.698474 -1.1093 1
-0.954102 -1.2542 1
-1.08974 -0.792983 1
-0.938186 -1.1236 1
-1.18583 -1.49726 1
-0.582666 -1.45869 1
-0.740267 -1.18775 1
0.165326 -1.36306 0
-1.50869 -0.496266 1
-0.517723 -1.16636 1
-1.34502 -0.676258 1
-1.4883 -1.72793 1
-1.32338 -1.89269 1
-1.17103 -1.49788 1
-1.17564 -0.829606 1
-1.68012 -1.52406 1
-0.656696 -1.89004 1
-0.824622 -1.07375 1
-0.931275 -0.351678 1
-1.21001 -1.04643 1
-1.05794 -0.905622 1
-1.40654 -1.80422 1
-1.51068 -1.27292 1
-0.842285 -1.07939 1
-1.2665 -0.659926 1
-1.04767 -0.28189 1
-0.9991 -1.11548 1
-0.792329 -1.1299 1
0.338606 -1.56029 0
-1.21371 -0.507323 1
-1.05827 -0.852165 1
-1.06685 -1.43782 1
-1.64924 -1.20382 1
-1.31353 -1.53333 1
-0.231919 -0.625917 1
-1.37063 -0.918989 1
-0.469787 -1.31207 1
-1.25619 -1.66083 1
-1.53615 -1.44388 1
-0.72028 -0.600147 1
-0.395353 -1.58254 1
-0.93643 -0.560098 1
-0.891157 -1.04822 1
-0.398482 -0.651034 1
-1.66908 -0.755482 1
-1.48895 -0.811066 1
-1.57628 -0.50177 1
-0.851144 -0.129422 0
-0.462316 -0.864134 1
-0.777451 0.037743 0
-1.52212 -1.13001 1
-0.312053 -0.763146 1
-1.16966 -1.14873 1
-0.813311 -1.34283 1
-0.891072 -0.514996 1
-0.907515 -1.15715 1
-0.926304 -2.17937 1
-1.63131 -0.828437 1
-1.11599 -1.60826 1
-0.938324 -2.04108 1
-1.24207 -0.632126 1
-1.14186 -0.920756 1
-0.80624 -0.828508 1
-0.936124 -1.0255 1
-0.913036 -0.333719 1
-0.874779 -0.199119 1
-0.387935 -0.739202 1
-0.91155 -1.07236 1
-0.724407 -1.7304 1
-0.816827 -1.58821 1
-0.0248372 -0.739322 0
-0.583092 -0.449898 1
-1.22899 -0.758861 1
-1.7229 -0.18478 1
-0.92036 -1.05189 1
-1.04922 -0.890497 1
-1.42407 -0.581432 1
-0.722289 -1.19761 1
-0.892874 -0.940769 1
-0.885249 -0.746061 1
-1.06326 -0.831204 1
-1.34405 -1.59628 1
-0.662857 -0.635183 1
-0.923889 -0.618441 1
-1.4972 -0.180715 1
-1.30212 -0.607676 1
-1.0094 -1.65903 1
-0.996201 -1.56677 1
-0.855303 -1.44637 1
-1.12576 -1.24268 1
-0.668407 -0.639002 1
-1.68452 -0.706539 1
-0.716404 -0.779242 1
-1.03151 -0.93174 1
-0.15119 -1.16172 1
-1.6035 -0.729237 1
-1.97241 -0.599599 1
-0.5244 -0.894704 1
-1.14611 -0.543262 1
-0.813881 -0.334049 1
-1.3665 -0.671373 1
-0.787762 -1.23359 1
-1.20644 -1.37441 1
-1.8349 -0.115582 1
-1.05093 -1.37121 1
-0.814567 -1.02342 1
-1.3562 -0.796038 1
1.48375 -1.25204 0
0.733667 -1.09431 0
1.33963 -1.08111 0
0.674892 -1.02299 0
0.671605 -1.10607 0
0.733272 -0.840174 0
0.783397 -0.945741 0
0.905256 -1.19499 0
0.389113 -1.12576 0
0.123864 -1.18852 0
1.17022 -1.44437 0
1.2739 -1.43456 0
1.12573 -0.659028 0
0.925891 -1.1675 0
0.972935 -0.73344 0
1.17714 -1.16538 0
0.863955 -1.06746 0
0.884444 -0.651509 0
1.36513 -1.58686 0
0.969318 -1.43018 0
1.10971 -1.35794 0
1.03216 -1.75135 0
1.37005 -1.29629 0
1.3829 -1.10241 0
0.655647 -2.01541 0
0.872589 -0.901943 0
1.1213 -1.11397 0
0.821027 -0.993548 0
0.242914 -1.70855 0
0.847907 -0.731102 0
1.28494 -1.62434 0
1.42359 -1.60325 0
2.01292 -0.883902 0
0.808137 -1.12157 0
1.15515 -1.67541 0
1.93708 -0.838813 0
1.65108 -1.63659 0
1.79642 -0.92288 0
1.18699 -1.13737 0
0.68872 -1.1387 0
0.899786 -1.56118 0
1.50547 -1.95775 0
1.56483 -1.57785 0
0.586982 -1.11322 0
1.81226 -1.69334 0
0.846645 -1.33454 0
1.04557 -1.42898 0
1.53116 -1.2472 0
0.529451 -1.60953 0
1.29713 -1.94364 0
0.793478 -0.943801 0
1.70757 -1.93958 0
0.705158 -1.39219 0
0.56069 -1.54374 0
0.962828 -2.0412 0
0.531904 -0.887154 0
1.2891 -0.959555 0
1.12927 -1.09118 0
1.3138 -1.05915 0
1.2587 -1.32557 0
0.617882 -1.54274 0
0.88445 -0.970559 0
1.16122 -0.974449 0
1.06691 -0.574758 0
0.392637 -1.6111 0
0.643923 -0.669408 0
1.66724 -1.1259 0
0.912176 -1.18982 0
0.134328 -1.3061 0
1.02421 -1.9336 0
1.50574 -1.22006 0
1.65608 -1.02733 0
1.12765 -1.31702 0
1.3349 -0.76179 0
1.3804 -1.20759 0
1.04532 -2.2175 0
1.50028 -1.70318 0
0.973933 -0.703144 0
0.831615 -1.36391 0
1.28537 -1.389 0
0.434935 -1.44901 0
0.685053 -1.26428 0
0.222751 -1.48893 0
0.863562 -2.0757 0
1.14045 -1.73672 0
1.10829 -0.842705 0
1.58474 -1.29849 0
0.486844 -1.72541 0
1.32205 -0.988075 0
0.547957 -1.25602 0
0.861094 -0.801258 0
0.858089 -1.33928 0
1.39622 -1.74486 0
1.28061 -1.59342 0
0.667945 -1.40851 0
1.21112 -1.01165 0
0.301686 -0.945936 0
1.01021 -1.58672 0
0.730484 -1.23648 0
1.09735 -1.93494 0
0.326664 -1.24824 0
0.755839 -1.92018 0
1.76051 -0.950511 0
1.16218 -2.04261 0
0.930819 -1.35365 0
0.958631 -1.8428 0
2.05426 -1.4861 0
0.496432 -1.21823 0
1.11761 -1.36798 0
0.930861 -1.4839 0
0.900207 -0.739993 0
1.05363 -0.931503 0
0.867513 -1.70669 0
0.565373 -1.66794 0
1.27733 -1.61844 0
1.04806 -1.05584 0
1.59427 -0.719337 0
0.808255 -1.13743 0
0.962964 -0.902494 0
1.06031 -1.44441 0
0.376993 -1.78479 0
0.394103 -1.23491 0
0.709471 -0.984897 0
0.848561 -1.09682 0
0.686491 -2.01909 0
0.913652 -0.755076 0
1.40887 -0.168666 2
0.414186 -0.830793 0
1.18607 -1.18382 0
1.22439 -0.834619 0
1.30188 -1.05575 0
0.444344 -0.900794 0
0.840028 -1.50676 0
0.348126 -1.14503 0
1.73562 -1.5308 0
1.08659 -1.10529 0
1.72472 -1.00662 0
1.25973 -1.37689 0
1.13147 -1.31545 0
1.36546 -0.35687 0
1.16153 -0.929699 0
1.50892 -1.17025 0
0.951262 -1.51877 0
1.58669 -1.57363 0
1.57944 -2.43349 0
2.03979 -0.93857 0
1.34596 -1.71347 0
0.255212 -1.03812 0
1.67636 -0.809437 0
0.582003 -1.20998 0
0.421044 -1.1545 0
1.20136 -1.21957 0
1.08123 -1.00241 0
1.60964 -0.676828 0
0.874267 -1.10235 0
0.200864 -0.953508 0
0.441163 -1.25353 0
1.07927 -1.27201 0
1.32047 -1.9208 0
0.586542 -1.44772 0
0.754401 -1.6724 0
0.347928 -1.06593 0
1.33908 -1.33822 0
0.877155 -1.44914 0
1.51118 -2.34667 0
0.937567 -1.14206 0
1.14667 -2.06118 0
-0.100321 -1.47656 1
1.32735 -0.86761 0
0.304029 -0.700573 0
1.01058 -1.50821 0
1.59458 -1.37644 0
0.521938 -1.56507 0
0.816185 -1.10253 0
1.05046 -1.25902 0
1.3813 -0.793899 0
0.719461 -0.948504 0
0.131193 -1.68346 0
1.16591 -1.5481 0
0.59964 -0.776821 0
0.816072 -1.39533 0
0.405153 -1.1696 0
1.42067 -1.22859 0
1.17528 -1.55139 0
0.85526 -1.76923 0
1.17467 -1.21831 0
0.00477486 -1.60829 0
0.961092 -1.23642 0
0.730018 -1.92741 0
1.10606 -1.97421 0
1.44123 -1.85152 0
0.333037 -1.74967 0
1.60395 -0.747839 0
0.512308 -1.17439 0
0.648914 -1.03213 0
0.945674 -0.898666 0
1.63767 -1.83907 0
0.575243 -1.72731 0
1.62779 -1.50009 0
1.49317 -0.654889 0
0.803738 -1.42077 0
0.864807 -1.32339 0
0.559725 -1.10049 0
1.05111 -1.26263 0
1.24354 -1.35473 0
0.856716 -1.62639 0
0.833474 -0.794784 0
-0.0537952 -1.32637 0
0.64525 -1.08603 0
0.821127 -1.28309 0
1.2199 -1.11232 0
0.181786 -1.82897 0
0.18072 -1.02221 0
0.673837 -1.35749 0
0.556238 -0.809007 0
0.768404 -0.774736 0
0.58013 -2.43808 0
-0.832934 -1.60718 1
1.2703 -1.16947 0
1.2428 -0.761114 0
0.77534 -1.79925 0
1.55115 -1.04467 0
1.15733 -1.31282 0
0.95962 -0.68752 0
0.929359 -2.04115 0
0.666817 -1.74599 0
0.762146 -1.7746 0
0.629909 -1.42123 0
0.825409 -1.64191 0
1.04148 -1.1748 0
0.682676 -1.72237 0
0.841987 -1.71409 0
0.514379 -1.43498 0
1.18632 -1.96957 0
0.68807 -0.587634 0
0.875446 -0.915001 0
1.18901 -1.688 0
0.567182 -0.481305 0
1.27429 -0.939543 0
1.08813 -1.75724 0
1.25713 -1.61243 0
1.09826 -1.39381 0
0.521547 -2.03704 0
0.925069 -0.656173 0
0.534152 -1.65955 0
0.887618 -1.75789 0
0.820771 -0.966037 0
1.25453 -1.24 0
0.660322 -1.50339 0
0.92805 -1.38162 0
0.925764 -1.26582 0
0.459919 -1.31163 0
1.65989 -0.927558 0
1.71823 -0.541792 0
0.695076 -1.17374 0
0.966452 -0.992581 0
1.27346 -1.22676 0
1.26958 -0.664169 0
1.3494 -0.803706 0
1.0777 -1.27383 0
1.13268 -1.14662 0
0.627017 -1.01797 0
0.326061 -1.06601 0
0.352943 -1.5141 0
0.892044 -1.03187 0
1.33728 -0.772119 0
0.762681 -1.54453 0
1.12608 -1.89413 0
1.48552 -1.86267 0
0.28832 -0.613781 0
1.18891 -1.34231 0
1.10826 -1.30288 0
0.837981 -0.480209 0
1.09092 -1.61313 0
1.37381 -1.21982 0
0.497253 -1.19392 0
0.343892 -1.6875 0
0.359276 -1.54801 0
0.762737 -1.38869 0
1.11435 -1.45681 0
0.305889 -0.571285 0
-0.017171 -1.57508 0
0.509128 -1.17462 0
1.3827 -1.3965 0
1.4656 -1.2183 0
0.888221 -1.5994 0
0.979084 -1.65164 0
0.301091 -1.75087 0
1.19515 -1.13158 0
1.26404 -1.44686 0
0.610566 -1.02107 0
0.666309 -1.13339 0
0.93964 -0.522927 0
0.894788 -1.61735 0
1.12121 -2.04149 0
0.898083 -1.39883 0
0.548725 -1.78338 0
0.79518 -0.719558 0
1.79376 -1.4303 0
0.906462 -0.321777 0
0.73556 -1.61411 0
1.19832 -1.68138 0
0.481939 -0.975036 0
1.14146 -1.36861 0
0.735598 -1.45693 0
1.05568 -1.36265 0
1.08571 -0.707312 0
1.64362 -1.28003 0
0.724941 -0.971444 0
0.537463 -1.22705 0
0.804446 -0.75223 0
0.563315 -1.32984 0
1.28945 -1.37865 0
0.0409345 -0.954554 0
1.02293 -1.49585 0
1.01932 -1.87 0
0.750482 -1.02717 0
0.675865 -1.38974 0
1.06863 -0.90513 0
0.0536862 -1.54965 0
0.430336 -1.2526 0
1.407 -1.77988 0
1.18277 -2.22347 0
1.23163 -1.09381 0
0.639133 -1.29607 0
1.06475 -1.17434 0
0.810019 -1.10554 0
0.604427 -1.51482 0
0.551844 -1.26584 0
1.28718 -1.04082 0
1.29927 -1.18908 0
0.521735 -1.05701 0
1.43994 -0.971686 0
0.700678 -2.31295 0
1.18422 -1.10827 0
0.891829 -1.38652 0
1.56352 -1.78848 0
0.781534 -1.24763 0
0.887578 -0.865228 0
0.820236 -1.29324 0
-0.465694 -0.92621 1
1.19096 -2.51644 0
0.687898 -1.19279 0
0.880006 -1.3967 0
0.798039 -1.69068 0
0.396421 -1.89902 0
0.515689 -1.05584 0
1.33491 -1.0738 0
0.743379 -1.22804 0
1.18063 -1.28078 0
1.75831 -0.982201 0
1.13658 -0.999983 0
1.38358 -1.31773 0
1.02887 -1.49983 0
1.55349 -1.24081 0
1.00249 -1.17452 0
0.670008 -1.65622 0
1.10123 -0.565024 0
1.20577 -0.822552 0
1.60901 -1.19487 0
1.00352 -1.39272 0
0.155608 -1.22055 0
1.71884 -1.03406 0
1.52866 -1.35273 0
0.755448 -0.823756 0
0.840219 -1.86343 0
0.945807 -1.071 0
1.18159 -1.62995 0
1.16081 -1.36094 0
0.891083 -1.37537 0
0.736571 -1.90538 0
1.3186 -1.40689 0
0.910844 -0.430002 0
0.80598 -1.5272 0
1.28786 -1.6157 0
0.995786 -1.50353 0
0.333255 -1.01871 0
0.0809962 -1.0727 0
1.0892 -1.13773 0
0.933773 -1.92202 0
1.13737 -1.03227 0
0.596195 -1.04108 0
1.26456 -1.67661 0
0.925009 -1.04758 0
0.788077 -1.04581 0
0.80706 -1.50255 0
0.845206 -1.31207 0
2.06362 -0.985299 0
1.17969 -1.55997 0
1.45145 -1.00898 0
1.33355 -1.67014 0
1.25769 -2.03181 0
1.0726 -1.28718 0
1.04823 -1.47145 0
0.556026 -1.84501 0
1.29934 -1.73267 0
1.02611 -1.21548 0
0.666236 -0.888776 0
0.719414 -1.3832 0
0.395831 -1.89886 0
0.637401 -2.28514 0
0.653458 -0.532263 0
0.848297 -1.02683 0
0.525772 -1.7439 0
1.07471 -1.04451 0
0.702691 -1.38344 0
0.108242 -1.01478 0
0.776136 -1.56012 0
1.13884 -1.33242 0
0.746592 -1.17749 0
0.833398 -0.632715 0
1.26569 -0.441536 0
0.325412 -0.744398 0
1.0632 -1.20777 0
1.43082 -1.14423 0
1.41812 -0.995667 0
0.963111 -0.730551 0
1.3454 -0.950663 0
0.38551 -0.845614 0
1.37071 -0.716707 0
1.10631 -1.70749 0
0.988621 -1.78455 0
1.22418 -1.08844 0
0.983882 -2.28575 0
1.33772 -1.49965 0
0.673367 -1.04078 0
-0.283162 -1.10828 1
0.98828 -1.78586 0
1.57021 -1.53007 0
0.990999 -0.950227 0
0.733189 -0.574814 0
0.898622 -1.88652 0
1.0582 -1.81434 0
0.622769 -1.95973 0
0.347754 -1.07698 0
1.39518 -1.50889 0
1.1245 -1.04125 0
1.00661 -1.63781 0
0.660911 -1.33506 0
1.53006 -2.01156 0
1.59869 -0.876855 0
1.07419 -1.06127 0
1.14332 -1.65529 0
0.920303 -2.00743 0
1.45023 -1.45242 0
0.910107 -1.39784 0
0.6819 -1.70011 0
0.705844 -0.853928 0
0.829976 -1.08613 0
1.40369 -1.13424 0
0.769815 -1.94184 0
1.88289 -1.05839 0
1.63024 -1.93181 0
0.525603 -1.79525 0
0.827447 -1.67586 0
0.64087 -0.885433 0
0.949974 -1.34534 0
1.39385 -1.38329 0
0.850428 -1.32408 0
0.988015 -1.29184 0
1.1406 -1.46068 0
0.926667 -1.55426 0
1.79842 -1.90947 0
0.20956 -1.55001 0
0.735677 -1.40067 0
0.664853 -1.57936 0
0.721018 -1.13515 0
1.54917 -1.70089 0
1.33605 -1.1653 0
1.02428 -1.16371 0
1.16716 -0.267645 0
1.16338 -1.88977 0
1.18478 -0.638793 0
0.771837 -1.41188 0
0.986631 -1.5848 0
1.87511 -1.61511 0
1.62821 -1.5504 0
1.09087 -1.16432 0
1.01577 -1.52786 0
1.43583 -1.09549 0
0.999332 -1.17599 0
-0.0818153 -0.711416 0
0.360331 -0.659098 0
1.46619 -1.0391 0
1.85921 -1.34829 0
1.23844 -1.84626 0
1.18931 -0.789855 0
1.18445 -1.44873 0
1.0793 -1.67761 0
1.13309 -1.58446 0
0.491989 -1.68558 0
1.6206 -0.812173 0
1.45082 -1.49515 0
0.431585 -1.02455 0
1.68173 -0.658376 0
0.530316 -1.33589 0
2.31636 -1.61754 0
0.416627 -1.84662 0
0.861973 -1.29166 0
1.62014 -1.3531 0
0.470551 -1.37208 0
0.759707 -1.15914 0
0.563035 -1.17822 0
0.182589 -1.67005 0
0.982208 -1.48089 0
0.547492 -1.5195 0
0.664084 -0.603303 0
1.33272 -1.38614 0
1.69426 -1.05415 0
0.936033 -1.16467 0
1.06892 -0.818936 0
1.16169 -1.79993 0
0.908027 -1.95841 0
0.530627 -1.19312 0
0.300441 -1.28985 0
1.16095 -1.29814 0
1.22513 -1.20218 0
0.852493 -1.60502 0
0.792371 -0.63506 0
1.16208 -1.56471 0
0.962077 -0.838777 0
0.621737 -1.69774 0
1.04254 -0.622455 0
0.445752 -1.15243 0
1.21317 -1.8995 0
1.38807 -1.26423 0
1.22456 -0.516002 0
0.576791 -1.24465 0
0.634597 -1.30987 0
0.38223 -1.79234 0
1.43198 -1.75796 0
0.415405 -2.14998 0
0.446567 -0.935372 0
1.16657 -0.752348 0
0.662531 -1.26686 0
0.956274 -1.34967 0
1.11364 -1.22765 0
0.99932 -1.93167 0
1.02626 -0.82715 0
0.63951 -1.74301 0
1.35643 -1.90587 0
0.349459 -1.38416 0
0.47609 -1.68006 0
0.549793 -1.03966 0
1.51773 -1.79671 0
0.83188 -0.99799 0
1.62761 -1.63166 0
0.279771 -1.46617 0
1.32702 -1.51751 0
0.625213 -1.16446 0
1.51126 -1.21941 0
1.23088 -0.492392 0
0.105084 -1.23763 0
0.72121 -1.74068 0
1.65198 -1.0151 0
0.282351 -1.47639 0
1.23409 -0.314967 0
0.442055 -0.985669 0
0.613711 -1.86095 0
0.966979 -1.2378 0
1.22398 -0.992918 0
0.677232 -0.344628 0
1.60651 -1.52778 0
1.26192 -0.311601 0
0.582621 -0.944206 0
0.526711 -1.7894 0
0.95447 -1.60176 0
0.719813 -1.84635 0
1.22842 -1.81168 0
0.292759 -0.569811 0
0.964591 -0.826358 0
1.11908 -1.42895 0
1.06212 -1.76044 0
0.805973 -1.5482 0
1.22979 -1.51766 0
0.693474 -1.44591 0
0.397468 -0.820399 0
0.809965 -1.48051 0
0.75581 -1.24818 0
0.0749125 -1.52853 0
0.920701 -0.773916 0
0.619568 -0.793701 0
0.78211 -0.656523 0
0.806567 -1.18676 0
-0.414926 -1.1889 1
0.399714 -1.49376 0
1.14419 -1.75821 0
0.417069 -1.53346 0
0.923198 -1.57044 0
0.661767 -1.66746 0
1.61066 -1.22929 0
0.718688 -1.23888 0
0.722477 -1.18803 0
1.17625 -1.85098 0
0.944011 -1.11376 0
1.06212 -1.36543 0
0.653362 -0.909605 0
1.35541 -1.37367 0
-0.101886 -1.87593 1
0.386814 -1.28141 0
1.06585 -1.32866 0
0.578833 -1.24504 0
0.4355 -1.39735 0
0.670264 -0.967556 0
1.70648 -1.10187 0
1.37973 -1.74938 0
0.205031 -1.52641 0
1.41361 -1.68052 0
1.96902 -1.02458 0
1.05926 -0.555686 0
0.949903 -1.61998 0
0.591138 -1.44547 0
0.0311592 -1.45872 0
0.571925 -1.52809 0
0.380593 -1.45909 0
0.853967 -1.45244 0
0.820572 -0.213754 0
0.947428 -1.7131 0
0.766792 -1.71195 0
1.40259 -1.52182 0
1.14647 -1.23124 0
0.753364 -1.38757 0
0.859927 -1.56443 0
1.23856 -0.922369 0
0.805875 -1.28744 0
-0.0799752 -1.61219 0
0.98886 -0.956716 0
0.956345 -1.17173 0
1.09375 -1.56146 0
0.650985 -1.05973 0
0.914508 -0.217097 0
0.710244 -0.912852 0
0.893777 -0.516975 0
0.660749 -1.42989 0
0.985377 -0.917187 0
1.08268 -1.09887 0
1.17312 -0.891423 0
0.673595 -1.61619 0
0.955395 -1.9219 0
1.41969 -1.06714 0
1.0495 -0.255413 0
0.87144 -1.84622 0
1.32631 -0.851534 0
1.62629 -1.73467 0
1.49668 -1.78673 0
0.823738 -1.62511 0
1.80943 -1.23145 0
0.348863 -0.867487 0
0.934814 -1.46738 0
0.782254 -1.15585 0
1.36495 -1.08843 0
1.11648 -0.76784 0
0.921229 -0.808549 0
0.811189 -1.70583 0
0.978378 -0.732876 0
1.13134 -1.00144 0
1.11182 -1.04823 0
1.17896 -1.48238 0
0.985246 -1.1948 0
1.35119 -1.38844 0
0.738887 -0.798596 0
1.50673 -1.66272 0
0.180469 -1.3181 0
1.44301 -0.596958 0
0.70082 -1.43601 0
1.46219 -1.64445 0
0.971498 -1.05534 0
1.25336 -0.998632 0
0.896316 -0.659018 0
0.499152 -1.02266 0
1.1819 -1.20968 0
1.97136 -1.79391 0
1.37407 -1.41042 0
0.419974 -1.04993 0
0.0913403 -0.945198 0
1.18484 -1.37957 0
1.12304 -1.20829 0
0.962637 -1.07159 0
0.59382 -1.61738 0
1.1513 -1.55608 0
1.23895 -1.62054 0
1.00239 -1.42825 0
1.15978 -0.718662 0
0.596682 -1.62646 0
1.70356 -1.4229 0
0.74631 -1.627 0
0.743055 -1.70151 0
0.893705 -0.948868 0
1.28927 -0.882018 0
1.38883 -2.10758 0
1.64106 -1.18807 0
0.992175 -1.12476 0
1.3785 -1.1933 0
1.00581 -1.43613 0
1.08032 -1.62349 0
1.04773 -2.42434 0
2.06638 -0.327088 2
0.734904 -1.57701 0
1.10875 -1.49944 0
0.682127 -1.19126 0
1.11789 -0.912633 0
0.715096 -1.32462 0
1.08505 -1.43791 0
0.808417 -1.65983 0
1.26189 -1.31086 0
1.26902 -2.13097 0
0.76395 -1.81163 0
0.756717 -1.51552 0
0.923205 -1.6094 0
1.53066 -1.3667 0
1.65114 -1.60478 0
1.58558 -2.03513 0
0.25564 -1.87729 0
0.722626 -2.08299 0
1.36969 -1.16332 0
0.960977 -0.776147 0
1.56205 -1.39271 0
1.20863 -0.805508 0
0.0288223 -1.00051 0
1.21926 -1.32165 0
0.985917 -0.610204 0
0.888086 -0.816696 0
0.421097 -1.67597 0
0.895416 -1.32239 0
1.05267 -1.00926 0
0.89676 -0.815627 0
1.34697 -1.02533 0
1.14406 -0.937134 0
1.1477 -1.54135 0
1.18145 -0.0570936 2
1.251 -0.9676 0
1.57247 -1.22647 0
0.893165 -1.16686 0
1.03586 -1.38371 0
0.604536 -1.97469 0
0.909871 -1.91091 0
0.684146 -1.26627 0
0.797381 -1.33639 0
0.910279 -1.53651 0
0.194297 -0.715368 0
1.08116 -1.33614 0
0.562042 -0.807696 0
0.868941 -1.48927 0
1.03425 -1.52026 0
0.502695 -0.93296 0
0.818801 -1.68216 0
1.45707 -1.24997 0
0.874534 -1.68565 0
0.864349 -0.715454 0
1.31995 -0.48081 0
0.615884 -1.1523 0
1.54982 -1.37865 0
1.09416 -0.282627 0
1.6092 -1.41749 0
1.45324 -0.757999 0
1.40641 -1.97918 0
1.00571 -1.02487 0
1.1529 -1.22915 0
0.605731 -1.25655 0
0.150378 -1.29373 0
0.552972 -0.982829 0
0.916853 -1.4597 0
0.949616 -0.933864 0
0.561116 -1.05083 0
0.998623 -1.89654 0
1.25171 -1.02621 0
0.821549 -1.39029 0
0.880927 -1.72193 0
1.78824 -1.15568 0
0.840151 -0.679702 0
0.68039 -1.34047 0
1.56508 -1.79413 0
0.246011 -1.76426 0
0.900205 -0.657759 0
1.06239 -1.48773 0
0.916123 -2.09239 0
1.03834 -0.659627 0
0.735697 -0.911359 0
1.23871 -0.946039 0
1.6056 -1.29328 0
1.86429 -1.49707 0
1.44639 -2.19878 0
0.851963 -1.16946 0
1.12567 -1.81401 0
1.16694 -1.4898 0
0.626633 -1.66323 0
0.963126 -1.47213 0
1.73127 -1.22421 0
1.47782 -0.690466 0
1.43586 -1.31716 0
1.32911 -1.2202 0
-0.12709 -1.04152 1
0.791056 -1.111 0
0.728734 -1.12968 0
1.07316 -1.22831 0
0.923425 -1.1006 0
0.924878 -1.58547 0
0.422299 -1.21031 0
1.05808 -1.77506 0
1.77172 -0.803106 0
0.9889 -1.36846 0
1.24577 -0.968197 0
1.18313 -1.3672 0
1.03129 -1.32958 0
0.81264 -1.41714 0
1.29346 -1.56779 0
1.08654 -1.09308 0
1.39618 -1.57666 0
1.32642 -1.677 0
1.55698 -1.60312 0
0.790365 -1.24614 0
0.763515 -1.52069 0
1.71752 -1.60156 0
1.4303 -1.15908 0
0.933129 -1.56605 0
0.500458 -1.90566 0
1.35342 -1.16295 0
0.683775 -2.21388 0
0.96798 -1.10717 0
1.23601 -0.327661 0
1.34049 -1.80094 0
1.86389 -0.932012 0
0.35349 -1.37417 0
1.15105 -1.37156 0
0.690565 -1.63448 0
0.30398 -1.94392 0
1.08373 -1.27767 0
1.00618 -1.52696 0
1.00696 -1.24749 0
1.36206 -1.00793 0
0.568312 -1.26262 0
0.659771 -0.842137 0
0.929613 -1.2628 0
1.33289 -1.07344 0
0.852901 -1.01959 0
1.21386 -0.874499 0
0.868525 -0.903375 0
1.44757 -1.00714 0
1.10736 -0.861769 0
0.442255 -1.49027 0
0.744662 -1.29664 0
1.2492 -0.986903 0
0.8892 -1.13265 0
0.327491 -1.60655 0
0.478511 -1.23499 0
1.0311 -1.00004 0
1.30809 -1.72391 0
0.858955 -0.704571 0
0.792544 -1.82136 0
0.839705 -1.84215 0
1.32413 -1.04483 0
1.39434 -0.736549 0
0.987792 -1.45844 0
1.3237 -1.45698 0
0.79853 -1.31645 0
1.02187 -0.862459 0
0.583556 -1.06177 0
0.915805 -1.47318 0
0.182312 -0.751597 0
0.927716 -1.62918 0
1.30727 -0.918355 0
0.573521 -1.95953 0
1.00369 -1.6894 0
1.42139 -1.26552 0
0.678181 -0.199873 0
0.546752 -0.64494 0
0.717857 -1.6073 0
1.37136 -1.99361 0
0.598251 -0.558314 0
0.43102 -1.35782 0
0.517743 -1.75807 0
0.931181 -0.89196 0
1.01288 -1.48441 0
1.30629 -1.74257 0
0.18993 -0.712581 0
0.709408 -1.02072 0
0.891174 -1.96588 0
1.00073 -1.552 0
0.210656 -0.999978 0
1.02756 -1.34783 0
0.750612 -1.6093 0
0.47953 -0.859807 0
0.860469 -2.0677 0
0.246458 -1.64063 0
0.968311 -1.10889 0
1.41518 -1.47643 0
0.593984 -0.88863 0
0.389267 -1.49288 0
0.821908 -1.56783 0
0.695761 -1.48542 0
0.818342 -1.91524 0
1.31424 -0.757631 0
0.453056 -1.22856 0
-0.0721191 -1.57256 0
0.497064 -0.936045 0
0.699393 -1.38714 0
0.784011 -1.28958 0
0.864264 -1.41389 0
-0.162482 -1.33909 1
0.566073 -1.56751 0
0.9459 -0.914103 0
1.38464 -1.29431 0
0.63949 -0.98793 0
1.23565 -1.05527 0
1.27728 -1.72453 0
1.19665 -1.51465 0
1.23309 -1.17253 0
1.54977 -0.864449 0
1.11381 -1.0937 0
0.99874 -0.8219 0
1.59968 -1.16976 0
1.88526 -1.33624 0
0.915815 -0.902043 0
0.637134 -1.18108 0
0.981769 -1.69291 0
0.690655 -1.3778 0
1.28258 -1.07279 0
0.568651 -1.22663 0
0.918263 -1.40973 0
0.820633 -1.39373 0
1.09549 -2.06847 0
0.468552 -1.60858 0
0.899613 -1.51085 0
1.47564 -0.655781 0
1.18869 -1.11293 0
0.900675 -1.13789 0
0.783386 -1.22509 0
1.2035 -1.36844 0
0.617443 -0.830088 0
1.30096 -1.24944 0
1.45064 -0.843999 0
0.573853 -1.37541 0
1.15478 -1.63337 0
1.21039 -2.06305 0
1.13978 -1.1517 0
0.908558 -1.40636 0
0.501904 -1.13615 0
1.12336 -1.90252 0
1.35264 -1.11775 0
1.09359 -1.35788 0
1.43587 -1.37499 0
0.587531 -1.72518 0
1.12019 -0.935963 0
0.927141 -1.35999 0
0.818332 -1.28445 0
0.119038 -1.3411 0
0.622995 -1.33426 0
0.815683 -1.43249 0
1.14002 -0.795018 0
1.65068 -1.49326 0
1.42475 -1.38689 0
1.20319 -1.03445 0
1.12207 -1.31781 0
0.976336 -1.06935 0
1.53329 -2.36413 0
0.600702 -0.954544 0
0.490385 -2.01424 0
1.09091 -1.25198 0
1.39792 -0.834645 0
1.16308 -1.2775 0
0.798597 -1.21074 0
1.18217 -1.12173 0
0.79201 -0.856418 0
0.698868 -0.874934 0
0.794612 -1.31729 0
0.81855 -1.415 0
1.15442 -1.42417 0
0.465327 -0.29926 0
0.29366 -1.62125 0
1.05629 -1.07737 0
1.23532 -0.952285 0
0.87835 -1.45044 0
0.77048 -1.31214 0
0.988277 -1.50005 0
1.25684 -1.31011 0
1.46852 -0.786621 0
1.04134 -1.91659 0
1.07654 -1.00857 0
1.43405 -1.74507 0
1.47381 -0.807437 0
1.43661 -0.948344 0
1.11506 -1.39113 0
1.70617 -1.33682 0
0.671374 -1.68622 0
0.916912 -0.718246 0
0.781994 -1.07865 0
1.23515 -0.686432 0
0.352333 -1.5041 0
1.11499 -2.03529 0
0.229243 -0.766554 0
0.294452 -1.0111 0
1.2771 -1.77011 0
0.528394 -1.39803 0
0.425939 -0.930628 0
1.08636 -0.784618 0
0.757797 -0.578988 0
1.50815 -1.22559 0
0.887857 -0.872119 0
1.60542 -2.40115 0
1.38469 -0.881263 0
0.913664 -1.28842 0
0.681756 -1.14658 0
0.568982 -0.626784 0
1.39559 -0.561533 0
1.69533 -1.315 0
1.30864 -0.458743 0
0.828918 -0.932547 0
0.26709 -0.845264 0
0.747511 -1.60233 0
1.13741 -0.906263 0
0.764266 -1.91534 0
1.04346 -1.5582 0
1.14398 -1.19879 0
0.777599 -1.9636 0
1.51335 -1.09001 0
0.820542 -1.35701 0
0.326908 -0.870706 0
0.614999 -2.02589 0
0.839641 -0.78811 0
1.3478 -1.11324 0
0.0739404 -0.958038 0
1.31299 -2.37304 0
0.790267 -1.67419 0
0.466957 -1.14533 0
1.56235 -2.08484 0
0.786041 -2.21494 0
0.977086 -1.7431 0
1.06722 -1.23641 0
0.99182 -1.58845 0
0.442769 -1.07137 0
0.312606 -1.40654 0
0.332634 -1.19186 0
0.599792 -1.6069 0
1.10229 -1.20778 0
1.16461 -0.834968 0
0.910166 -1.62633 0
0.917641 -1.70063 0
1.56956 -1.31819 0
1.06751 -0.893977 0
0.800817 -1.40306 0
1.17024 -0.530798 0
1.56777 -0.449977 0
0.902 -1.1126 0
0.927084 -0.991437 0
0.959306 -1.44947 0
0.909881 -0.512626 0
0.326699 -1.30638 0
0.940431 -1.52667 0
1.73968 -1.8155 0
0.884643 -1.10862 0
0.698043 -0.883986 0
0.948814 -1.62547 0
0.75302 -1.25014 0
0.913844 -1.14276 0
1.01269 -1.16013 0
0.800913 -1.56968 0
1.48934 -1.27661 0
1.16286 -1.26145 0
0.914389 -0.945475 0
1.72829 -1.46528 0
0.466962 -2.09046 0
1.17965 -1.28519 0
1.35675 -1.28476 0
1.52921 -1.88538 0
0.508507 -1.18435 0
1.56311 -1.35541 0
0.872167 -0.954286 0
1.37229 -0.534851 0
0.685218 -1.32185 0
0.784 -0.71528 0
0.773893 -1.46108 0
0.375488 -1.11301 0
1.65306 -2.08439 0
1.34753 -1.95115 0
0.556725 -0.841085 0
0.916009 -0.63352 0
1.47963 -1.08988 0
1.15021 -1.29571 0
0.994716 -0.58214 0
1.74095 -1.4186 0
0.660797 -1.33448 0
1.25188 -1.46595 0
0.852685 -0.875966 0
0.936625 -0.552094 0
0.52904 -0.863509 0
0.924537 -1.63444 0
1.45149 -1.20028 0
1.0827 -1.81559 0
1.44507 -1.77326 0
0.58742 -1.51294 0
0.403969 -0.368209 0
1.13591 -1.32034 0
1.13219 -0.826558 0
0.834535 -1.80698 0
1.18822 -1.44052 0
1.00763 -1.46185 0
1.60448 -0.96761 0
1.88523 -0.913203 0
0.489786 -0.688986 0
0.281703 -0.820948 0
0.120821 -0.577814 0
0.705966 -1.18659 0
0.629918 -1.90181 0
0.617787 -1.37732 0
0.953672 -1.44875 0
1.10741 -1.14856 0
0.798753 -1.63193 0
1.10368 -1.79666 0
1.14592 -1.57339 0
0.595922 -1.69587 0
0.889195 -1.32073 0
2.02152 -0.758846 0
1.12164 -2.30846 0
0.648236 -1.8081 0
0.74121 -1.49974 0
1.20297 -0.844753 0
0.382345 -1.1124 0
1.39774 -0.911384 0
1.43963 -1.16565 0
1.37042 -0.924852 0
1.40881 -1.34757 0
1.22777 -0.931237 0
1.23487 -1.1813 0
0.900809 -1.50726 0
0.682348 -1.22048 0
1.1871 -1.33907 0
1.05919 -0.553989 0
1.34478 -0.883248 0
1.02673 -0.326316 0
0.951157 -1.85644 0
1.13243 -1.83074 0
0.79243 -0.928706 0
1.22086 -0.970823 0
0.442816 -1.21343 0
2.05831 -2.33298 0
0.736873 -1.22328 0
0.848084 -1.053 0
0.6364 -1.46923 0
1.07162 -0.882727 0
1.62555 -0.544777 0
1.23062 -1.55109 0
0.925462 -1.37359 0
0.129808 -1.26782 0
1.57044 -0.967645 0
0.573311 -1.05641 0
1.50223 -1.47477 0
0.959062 -1.73381 0
1.3528 -1.03409 0
0.498178 -0.675504 0
1.5134 -0.27622 2
0.870591 -1.45097 0
0.662814 -0.925701 0
0.573904 -1.40496 0
0.406202 -1.19312 0
0.587309 -1.28961 0
1.47723 -0.865385 0
0.203013 -1.36117 0
0.613604 -1.72582 0
1.03635 -1.21889 0
0.893004 -0.823197 0
0.77133 -1.20541 0
0.808902 -0.904653 0
0.975416 -1.05572 0
0.687608 -1.26963 0
1.03748 -1.695 0
1.08778 -2.06865 0
0.317288 -1.20756 0
0.925673 -1.06141 0
0.515589 -1.21365 0
1.09903 -1.40635 0
0.538737 -1.06018 0
0.491745 -1.03956 0
0.429917 -1.31498 0
1.17976 -1.34265 0
0.00161652 -1.00729 0
0.606271 -1.67995 0
1.13789 -1.77116 0
1.17414 -0.767651 0
1.08543 -1.27534 0
1.32335 -1.8776 0
0.336159 -1.35648 0
0.639475 -1.23481 0
0.745209 -1.81772 0
0.265807 -1.25492 0
1.02931 -1.01491 0
1.24064 -0.441989 0
0.630591 -1.06176 0
0.662143 -1.20147 0
0.401021 -1.21272 0
0.652416 -1.49967 0
1.72561 -2.13789 0
0.736983 -1.18623 0
1.11114 -1.96268 0
1.1495 -1.65672 0
1.40793 -1.74596 0
1.43834 -1.1893 0
0.101411 -2.14408 0
1.3359 -1.37345 0
0.298048 -1.674 0
1.12007 -1.14949 0
1.25675 -1.60971 0
1.45849 -1.04584 0
1.38204 -0.778535 0
0.635414 -1.65244 0
1.02532 -1.15147 0
1.35179 -1.53324 0
0.281886 -0.668679 0
0.524009 -1.7601 0
0.808356 -1.29451 0
0.980072 -1.3647 0
1.13698 -0.773431 0
0.906489 -1.62322 0
0.714493 -1.05138 0
0.486911 -1.26331 0
1.29496 -1.59491 0
1.08944 -1.128 0
1.05073 -1.42691 0
1.49997 -1.02393 0
0.788336 -1.05176 0
0.476628 -1.7928 0
0.998411 -1.41906 0
1.19202 -0.506975 0
0.880709 -1.8623 0
1.18481 -1.43358 0
1.06344 -1.26026 0
0.556074 -1.29418 0
1.33423 -1.30197 0
1.13521 -1.08645 0
1.31068 -1.51021 0
0.535072 -1.42087 0
1.68396 -0.936842 0
0.558881 -1.54504 0
1.45369 -1.57268 0
0.760142 -1.1881 0
0.614305 -2.09205 0
0.808325 -1.64719 0
0.72638 -0.961932 0
1.33362 -1.12362 0
1.08882 -1.48409 0
1.10824 -1.04673 0
0.950564 -1.188 0
0.798999 -1.07069 0
1.30903 -0.984053 0
1.15923 -0.448854 0
0.351964 -0.966751 0
0.727508 -1.8492 0
1.29653 -1.23717 0
0.960853 -1.32953 0
1.10162 -1.5967 0
0.732347 -1.51649 0
0.612646 1.29946 2
0.551358 -0.424483 0
0.906715 0.719635 2
0.866028 1.12064 2
0.679029 1.55772 2
1.36967 1.52255 2
1.56657 1.25161 2
0.341966 0.581408 2
-0.061909 0.435785 0
1.37257 0.587296 2
-0.14972 0.735715 0
0.984095 1.05915 2
0.288991 0.926242 2
0.887001 0.973551 2
1.16886 0.517114 2
0.941711 0.183728 2
0.663076 0.462867 2
0.625672 0.455427 2
0.721563 0.983336 2
1.19333 0.319346 2
1.0144 0.502246 2
1.16263 1.11466 2
0.747165 0.445844 2
0.57289 0.429798 2
0.856069 1.07282 2
1.40671 0.83184 2
1.77672 0.660972 2
0.594166 0.562543 2
0.896118 0.793244 2
0.230037 -0.0994762 0
0.346994 0.665662 2
0.675301 1.04389 2
1.00912 0.917203 2
1.0006 0.544434 2
1.02671 0.382847 2
0.514631 0.571354 2
0.721668 0.565984 2
0.400518 1.02513 2
0.814912 0.681158 2
0.561071 1.15838 2
0.672459 0.481257 2
0.69771 0.206673 2
1.42439 0.863943 2
0.375657 1.2473 2
1.46904 1.10221 2
1.20375 1.23399 2
0.711751 1.06695 2
1.72662 0.777916 2
1.44602 0.371117 2
0.351449 1.15446 2
1.55444 0.507026 2
1.11299 0.824454 2
1.47481 1.50852 2
1.10624 0.349122 2
0.781423 0.743677 2
1.00729 1.61323 2
1.45886 1.33144 2
0.38776 0.292059 2
1.25632 1.56253 2
1.67845 0.160873 2
0.86166 0.601352 2
0.873946 1.13794 2
-0.293494 0.395001 0
0.455991 0.234126 2
0.945048 0.396325 2
0.598997 1.05253 2
0.418436 0.529503 2
1.06504 0.896416 2
0.359058 1.24842 2
0.767942 0.628109 2
0.839905 1.07688 2
0.857882 0.991546 2
0.720286 0.846841 2
1.09772 1.55227 2
0.906461 0.831237 2
0.352059 0.648227 2
0.857147 1.26876 2
0.757926 -0.177167 0
0.864653 1.3664 2
1.20904 0.909413 2
1.15006 -0.00905867 2
0.99526 0.990416 2
0.919686 1.46825 2
0.687094 1.22716 2
1.52815 0.980098 2
0.405119 0.283828 2
1.60857 0.636528 2
0.27364 0.451136 2
0.380726 1.2531 2
0.491211 1.19424 2
0.828561 0.344709 2
-0.0372407 0.640825 0
0.76525 1.21983 2
0.0412928 0.731514 2
0.919705 0.552633 2
0.718885 0.753174 2
1.46654 0.514366 2
0.476371 0.579397 2
0.556774 1.37041 2
0.563541 0.239026 2
0.484745 1.92212 2
1.16441 1.06738 2
1.06792 1.43629 2
0.553612 0.738543 2
1.11399 1.13375 2
0.875554 0.521669 2
-0.0177067 0.532086 0
1.49277 1.7228 2
1.11516 0.602893 2
1.11904 0.652828 2
1.12308 0.533257 2
0.873568 0.62797 2
0.74472 0.892418 2
0.85632 0.357016 2
0.78586 1.08127 2
1.05494 0.933176 2
0.834949 1.04422 2
0.953448 0.964656 2
0.717455 1.03818 2
0.254647 0.757548 2
1.29951 1.64612 2
0.39002 0.579528 2
1.38754 0.635146 2
0.658118 0.595235 2
0.132874 1.14882 2
0.325148 0.856438 2
0.119775 -0.288091 0
1.37799 0.52002 2
0.636205 0.335927 2
0.887145 0.504049 2
1.03957 1.60131 2
0.996496 0.57173 2
0.598669 1.13432 2
0.682569 0.765145 2
0.125798 1.07909 2
-0.123839 0.757195 0
0.790524 0.831049 2
1.59828 1.42659 2
0.801437 1.08402 2
0.957917 0.952662 2
1.05697 0.734233 2
0.65902 0.739344 2
1.42744 1.43026 2
1.37813 0.572685 2
1.32558 0.499571 2
0.544958 0.837922 2
0.854598 0.510814 2
1.34268 1.18415 2
0.993181 1.2264 2
1.36858 1.04059 2
0.392046 1.27408 2
1.5514 1.36748 2
0.604157 0.888069 2
0.406295 0.191926 2
1.16061 1.08054 2
1.20227 0.303418 2
1.28946 1.12569 2
0.797074 0.55096 2
0.240519 0.8252 2
0.118185 1.55177 2
0.483001 0.641286 2
1.39274 0.148913 2
1.15262 0.46467 2
0.65261 0.276053 2
0.441417 0.562598 2
1.20984 0.789485 2
1.54906 1.44218 2
1.14933 0.270083 2
0.473592 0.437388 2
1.05732 1.20349 2
1.37317 0.931861 2
0.593306 0.559845 2
1.25715 1.05335 2
0.831248 0.731417 2
1.50141 0.570471 2
1.05115 0.102391 2
0.811975 0.309528 2
0.413805 0.0414905 2
0.293293 1.27457 2
0.986104 0.869733 2
0.539657 0.915003 2
0.496869 1.27393 2
0.979288 0.554392 2
0.760065 1.4225 2
1.145 1.18241 2
0.490894 0.501134 2
0.605297 0.606815 2
0.58722 1.03051 2
0.490887 1.24654 2
1.04571 1.21351 2
0.193409 1.34645 2
0.857788 0.651104 2
0.989181 1.05318 2
1.12345 0.514471 2
0.669433 0.947628 2
1.37575 1.18676 2
0.988784 0.953135 2
1.01551 0.352707 2
0.960213 0.66402 2
0.940763 0.524334 2
1.15596 1.50058 2
1.17995 1.1107 2
0.856245 0.59864 2
0.164379 1.2273 2
0.280013 0.750681 2
0.532674 0.443581 2
1.04109 0.806872 2
0.734391 1.08048 2
0.139202 1.19737 2
1.56142 1.28028 2
0.117985 0.780588 2
0.680565 1.61206 2
0.590508 1.02464 2
1.48115 1.42181 2
1.17147 0.544216 2
0.35103 1.17943 2
0.601433 0.552745 2
0.796139 1.32208 2
0.796543 0.246738 2
0.189253 0.338627 2
0.605667 -0.0136919 2
-0.280629 0.982041 0
1.24293 0.825047 2
0.374648 0.818445 2
1.76329 0.13837 2
0.587475 0.825733 2
0.64616 0.806821 2
0.427778 0.940141 2
0.714974 0.682754 2
1.33251 0.454032 2
1.16408 0.686498 2
1.05436 1.23606 2
0.661821 1.15242 2
0.921339 1.00376 2
0.940155 0.754297 2
0.640128 0.641433 2
1.2746 0.80281 2
0.74177 0.520387 2
1.03282 0.0628018 2
0.324739 0.75485 2
0.84581 1.15414 2
0.331861 0.0638801 2
0.59216 0.422052 2
0.886514 1.08631 2
1.16294 0.925771 2
0.282911 1.39545 2
0.100403 0.216626 2
0.573345 0.514759 2
1.1354 -0.00612764 2
0.368639 0.738082 2
0.274614 0.80204 2
1.30423 0.831381 2
0.439823 1.3496 2
1.07468 0.674193 2
1.13506 1.68006 2
0.807735 0.944161 2
1.08196 0.544813 2
1.22535 0.420716 2
1.12993 1.1147 2
0.393117 0.271171 2
0.956636 1.03267 2
0.989267 0.312325 2
1.23586 1.40508 2
1.30507 0.768087 2
0.537132 0.77434 2
1.22025 1.25295 2
1.3001 0.733561 2
0.154636 1.09113 2
0.244098 1.32194 2
0.79577 0.682588 2
0.813017 1.50698 2
0.722544 0.996543 2
1.37394 0.65597 2
1.05979 0.499945 2
1.46575 1.09453 2
0.326312 1.12713 2
0.684929 1.14393 2
1.0003 0.644732 2
0.992212 0.472085 2
1.03303 0.946981 2
0.109893 1.05916 2
1.55157 1.26807 2
0.199855 1.13396 2
0.942576 0.817093 2
0.715832 0.613866 2
0.577273 1.0605 2
0.591143 0.517504 2
0.860446 1.30335 2
-0.516935 1.13427 0
-0.0225127 1.68762 2
0.302743 0.924475 2
1.11683 0.319137 2
0.0430691 0.533037 2
1.10603 0.994129 2
0.0305712 0.255377 0
1.77811 1.5112 2
0.391478 0.789479 2
-0.0626774 0.57644 0
1.43305 1.0915 2
1.19586 0.561341 2
0.709086 0.661038 2
0.348465 0.710723 2
0.778458 1.03001 2
0.618802 0.204157 2
0.565344 1.78145 2
0.912253 0.446177 2
0.851988 0.410829 2
1.57228 0.967872 2
0.263551 0.717859 2
1.01719 0.637626 2
1.20118 1.14447 2
1.07405 0.539301 2
0.67124 1.29889 2
0.990671 0.776848 2
0.750561 0.844121 2
0.890762 0.385264 2
1.16038 0.485059 2
0.791212 0.640462 2
0.873774 0.603348 2
1.07359 0.489483 2
0.736065 0.513315 2
1.27241 0.612579 2
0.684545 1.0434 2
0.961942 0.688811 2
0.242304 0.446375 2
1.04571 1.21711 2
1.34428 0.92975 2
1.05418 0.914256 2
0.634772 1.02646 2
0.834688 0.709864 2
0.751294 0.734835 2
0.445913 0.583247 2
0.601591 0.582828 2
0.975554 1.44009 2
1.2948 0.580255 2
1.3508 0.2077 2
1.46153 0.270858 2
1.24849 0.243907 2
0.22366 0.402384 2
0.533094 0.932303 2
-0.0532535 1.28158 0
1.07499 0.782553 2
0.566755 1.00021 2
1.11604 0.482052 2
0.608161 0.871851 2
0.191377 0.81724 2
0.900913 0.601597 2
0.70341 0.358891 2
0.777361 0.159525 2
0.279585 0.454575 2
0.840728 1.12711 2
1.12488 0.5511 2
1.16929 0.559577 2
0.754657 0.581256 2
0.383015 1.372 2
0.189217 0.735391 2
0.615236 1.35487 2
0.742153 0.823119 2
0.527256 1.20781 2
0.791993 0.74589 2
0.0484725 1.28348 2
1.18858 0.0835656 2
1.67227 0.643572 2
0.750688 1.16034 2
0.87564 0.941938 2
1.46427 0.831818 2
0.95432 1.12179 2
1.5177 -0.176739 2
1.10393 1.56227 2
0.714937 0.579927 2
0.769914 1.19003 2
1.04653 1.08715 2
0.302967 1.34707 2
0.239122 0.720697 2
0.706697 0.765606 2
-0.350766 0.138887 0
0.704946 0.868949 2
1.2594 0.94536 2
0.810938 1.47707 2
1.03777 0.383322 2
1.23289 0.266688 2
1.62553 0.951966 2
0.700606 0.522697 2
0.609536 1.55611 2
0.984131 1.02114 2
0.728787 1.31753 2
1.24986 -0.105028 2
0.727679 0.320696 2
0.548189 0.49735 2
0.308046 0.302755 2
0.588288 0.396728 2
0.32096 0.830088 2
0.952897 0.955032 2
1.02164 0.394512 2
0.690356 0.175919 2
0.14523 1.42518 2
1.25041 0.422303 2
0.531232 0.271314 2
0.539507 0.767567 2
1.38093 0.753955 2
1.15725 0.28255 2
0.703899 0.471702 2
1.40497 0.608136 2
0.905758 0.562474 2
0.430377 0.360594 2
0.926692 0.791894 2
-0.0401179 0.858585 0
0.453032 0.527289 2
1.43309 0.485224 2
0.695261 0.377596 2
1.48211 1.49296 2
0.915155 1.12775 2
0.56311 -0.134129 0
0.325868 0.371059 2
0.539 1.14535 2
0.208911 -0.0246257 0
0.865764 0.280013 2
0.350486 1.17644 2
1.61078 -0.105891 2
1.33754 1.48047 2
0.998583 0.76552 2
2.16154 0.797072 2
1.23509 1.53575 2
0.772037 0.694537 2
0.459893 0.928315 2
0.944573 1.51059 2
1.85455 0.285571 2
0.661762 0.867779 2
1.15015 0.509791 2
0.81635 0.0856513 2
0.723889 0.465423 2
1.09085 1.18642 2
0.684946 1.52181 2
0.754507 0.794393 2
0.634572 0.597977 2
0.671636 0.98415 2
0.378446 1.69256 2
1.19381 0.879888 2
1.35809 0.700177 2
1.28085 0.454547 2
0.190079 0.663607 2
0.378932 0.380978 2
1.62671 0.92097 2
1.03859 1.27747 2
0.498598 1.42257 2
1.0218 1.96318 2
0.464118 -0.0138299 2
0.554196 0.291575 2
0.372576 -0.240331 0
0.607549 0.772507 2
0.583223 0.73033 2
0.742996 1.03836 2
0.677238 1.02477 2
0.736901 0.471128 2
0.225224 0.51488 2
0.286358 1.64353 2
1.13073 1.13665 2
0.545426 0.815769 2
0.964267 0.935629 2
0.72248 0.130096 2
1.28261 0.637581 2
2.03865 0.733279 2
0.753143 0.705217 2
0.0653606 0.579542 2
0.752582 0.817346 2
1.39772 0.242712 2
0.676177 0.849295 2
0.822079 0.472398 2
1.18907 0.631842 2
0.66194 0.568507 2
0.404346 0.785971 2
0.373793 0.798101 2
1.24095 1.04746 2
0.91921 1.41899 2
0.225997 0.301004 2
0.0877818 1.01418 2
0.504167 0.558763 2
0.485403 1.06911 2
1.22269 1.36266 2
0.194553 0.826502 2
0.678285 1.45242 2
1.25363 0.933947 2
-0.117461 0.562448 0
0.992261 0.485417 2
0.737604 1.22597 2
1.70676 1.0391 2
1.11391 0.745048 2
1.10997 1.39162 2
1.28922 0.948455 2
0.470629 1.13796 2
0.973792 0.714918 2
1.66081 0.749371 2
1.17892 1.58953 2
0.503388 1.6537 2
-0.0226458 0.686421 0
0.340489 1.13533 2
0.329787 0.382394 2
0.13812 0.498214 2
0.629968 1.11834 2
1.2206 0.930153 2
0.693971 0.398106 2
0.2398 0.948126 2
0.87423 0.683867 2
1.00021 1.00754 2
0.768714 0.692573 2
1.1558 0.912034 2
0.652079 0.910025 2
0.539622 0.252646 2
0.856785 1.29109 2
1.18564 0.560986 2
0.841725 1.07005 2
1.18757 1.51379 2
0.53764 0.8557 2
0.805157 1.13531 2
0.862632 0.862606 2
1.00567 0.925879 2
1.10679 -0.151377 2
0.710593 0.944531 2
0.374986 0.20723 2
0.716375 0.748951 2
1.47441 1.04331 2
0.713181 1.62355 2
0.791868 0.131221 2
1.19896 0.158117 2
0.749294 0.923815 2
0.297096 0.69472 2
1.07402 1.47082 2
1.00702 0.79082 2
1.26429 1.4984 2
0.516193 0.713969 2
0.476911 1.28774 2
0.566452 0.32777 2
1.23595 0.464716 2
1.14426 1.19645 2
0.852213 1.36154 2
0.642879 0.584711 2
0.34581 0.784921 2
0.471284 1.55117 2
0.604318 1.12826 2
0.343208 0.132356 2
0.496315 0.337115 2
1.01812 0.975013 2
0.632388 0.770957 2
0.78051 1.02257 2
0.718807 1.07763 2
0.912352 0.773966 2
0.596329 0.674943 2
0.43078 0.926132 2
0.0483473 1.25073 2
1.33838 0.783505 2
0.769413 0.189013 2
1.15657 0.830493 2
0.975031 1.36721 2
0.592495 1.04346 2
0.806125 0.388058 2
0.750804 0.893517 2
0.148653 1.12126 2
0.317196 0.340466 2
0.39101 0.576628 2
0.833232 1.58433 2
1.1789 1.03627 2
0.244882 0.818887 2
0.694088 0.867053 2
1.33066 1.37641 2
1.34062 0.328723 2
0.995755 1.58319 2
1.23228 0.85676 2
0.784522 0.244032 2
0.833233 0.389236 2
-0.199955 1.47823 0
0.676205 1.05385 2
0.762165 0.833704 2
0.99186 0.61435 2
0.624112 1.5731 2
1.30458 0.24493 2
0.800186 0.414386 2
0.860425 1.17508 2
1.39801 1.23018 2
0.354357 0.571272 2
0.567932 0.632306 2
0.347519 1.06065 2
0.568108 0.696445 2
0.828693 0.918231 2
0.934849 1.90212 2
0.523723 0.316145 2
1.09018 1.17694 2
1.44704 0.917353 2
1.16472 0.587032 2
1.27403 0.610604 2
1.38174 0.893825 2
0.995092 0.246643 2
0.636167 1.23044 2
0.528975 0.905163 2
0.857129 0.67783 2
0.664383 0.288061 2
0.876039 0.590434 2
1.0101 0.617154 2
1.07485 0.48894 2
0.35099 0.970975 2
1.11827 0.466272 2
1.13215 1.12624 2
0.587988 0.612297 2
1.15352 0.344771 2
1.10504 0.766221 2
1.13653 0.725033 2
0.291638 1.17631 2
0.868672 1.05185 2
1.25193 1.30338 2
0.546 0.379072 2
0.623735 0.154494 2
0.729907 0.720573 2
0.946712 1.47836 2
1.08128 0.838793 2
0.134077 0.658351 2
1.13799 0.374303 2
0.448887 0.68218 2
0.878985 0.419105 2
1.00963 0.646636 2
0.845701 1.00719 2
1.21927 0.294451 2
0.716202 1.0628 2
0.395535 0.196628 2
0.338044 1.26659 2
0.650531 0.544151 2
1.31319 1.11241 2
0.854213 0.597344 2
0.400542 0.540679 2
1.25084 1.05726 2
0.711035 0.0107207 2
0.490687 0.336409 2
0.675832 0.910012 2
1.25722 0.93318 2
1.14558 -0.434326 0
1.19561 0.964512 2
0.299724 0.443966 2
0.556668 0.796409 2
0.916878 1.08855 2
-0.754755 1.12614 0
0.544737 0.639228 2
1.01781 1.35229 2
0.633887 0.940971 2
0.724197 1.0806 2
0.930524 0.803782 2
0.298453 1.28397 2
0.951366 0.666403 2
1.24463 0.285501 2
-0.151639 1.09513 0
0.7072 1.09985 2
1.12609 1.12863 2
0.218606 0.535289 2
0.984814 0.996472 2
1.42368 0.588786 2
0.355815 0.893503 2
0.714425 0.794876 2
1.12964 1.29702 2
1.05986 0.843972 2
0.613174 0.563799 2
1.26065 0.36144 2
0.36739 0.857639 2
0.480565 0.527439 2
0.536404 1.32802 2
0.533227 0.150235 2
1.20355 0.178299 2
0.851782 0.863184 2
0.284326 1.47135 2
1.40545 0.558811 2
1.51851 0.375415 2
0.576599 0.480544 2
1.81053 1.2751 2
1.02151 0.825121 2
1.23725 0.742239 2
0.690726 1.79217 2
1.03256 0.934416 2
0.610996 0.451705 2
0.288884 1.14386 2
0.187584 0.558029 2
-0.132702 0.0527762 0
0.395262 0.288795 2
1.56955 0.84545 2
0.535202 0.549257 2
0.560938 0.82318 2
0.57866 0.109213 2
0.12981 1.28138 2
0.654374 1.0287 2
1.11738 0.30272 2
0.582672 0.621652 2
1.52465 -0.202825 2
1.10766 1.44562 2
1.31239 0.27075 2
0.0595974 1.04889 2
1.13955 0.814713 2
0.390391 1.03501 2
0.795394 1.25866 2
0.91893 1.06774 2
0.809098 0.153989 2
1.5109 0.0753786 2
0.716249 0.486761 2
0.393104 0.704299 2
0.967607 -0.289351 0
0.92554 1.01928 2
0.900052 0.811278 2
0.598687 1.0274 2
1.26139 1.19224 2
0.766003 0.127658 2
0.307826 0.926089 2
1.08965 1.63281 2
0.724451 0.726356 2
1.3515 0.887049 2
0.765332 0.922475 2
0.622949 0.692356 2
1.48856 0.636819 2
0.786361 0.910932 2
0.779665 0.498762 2
0.905273 0.33302 2
0.626001 1.05315 2
1.49163 1.71201 2
0.651518 0.841341 2
0.770574 1.59658 2
1.12336 0.866246 2
0.471796 0.359405 2
0.595033 0.405085 2
0.935134 0.499348 2
0.181046 1.43534 2
0.949567 0.212322 2
0.5358 1.09778 2
1.6745 1.23396 2
0.242979 1.3545 2
0.936682 0.106763 2
0.407908 0.81971 2
0.768041 1.32263 2
0.620423 0.103751 2
1.06311 0.736246 2
0.375415 1.96616 2
0.967071 0.922008 2
-0.0147297 0.502815 0
1.1823 1.46859 2
1.06239 0.302102 2
0.54092 1.39015 2
0.536281 0.924791 2
0.950612 0.830412 2
0.715886 0.749669 2
0.2884 1.16468 2
0.605983 0.478373 2
0.722084 0.938981 2
0.926776 0.453975 2
0.534147 0.308527 2
0.0961828 0.412939 2
0.0524341 0.978272 2
0.167074 1.07813 2
0.848913 0.700492 2
1.32861 0.542555 2
1.32281 1.57022 2
0.335381 0.638975 2
1.11105 1.07772 2
0.596656 0.820705 2
0.549641 1.323 2
0.744795 0.503141 2
-0.154605 0.745072 0
1.27064 0.359616 2
0.874064 1.04054 2
1.3211 0.575419 2
0.752164 0.580987 2
1.01378 0.841673 2
-0.210372 1.29911 0
0.712529 0.833043 2
0.363583 0.75233 2
0.772802 -0.148343 2
0.24351 0.897744 2
1.52741 0.535606 2
1.05118 0.618738 2
0.84456 0.787043 2
0.232363 0.73126 2
0.558088 0.654292 2
0.200965 0.636131 2
0.376259 0.0519688 2
0.814946 0.739717 2
1.75622 0.872896 2
0.857697 0.519591 2
1.18358 0.58709 2
1.29253 0.972257 2
0.430116 0.791068 2
0.442276 0.781482 2
1.14389 0.654764 2
1.01457 0.0865427 2
1.31049 1.20748 2
0.101982 0.436736 2
0.884601 1.18191 2
0.571296 0.991265 2
1.35614 1.39191 2
0.124607 1.20198 2
1.18657 0.686085 2
0.671863 1.40218 2
0.88066 1.11861 2
0.243192 1.32669 2
0.59677 0.788965 2
1.46399 1.20745 2
1.1117 0.53874 2
0.1861 0.978001 2
1.09222 0.689899 2
0.232373 0.102991 2
1.67299 0.898979 2
0.61309 -0.292337 0
0.202416 0.370604 2
1.30677 1.75418 2
0.00984259 1.17674 2
0.817824 0.874329 2
1.09705 0.27897 2
0.680855 1.53805 2
1.94285 1.21798 2
0.158985 0.681375 2
0.950415 0.973045 2
0.568224 0.768963 2
1.20202 1.05379 2
0.408008 1.49999 2
0.553603 0.177205 2
1.00283 0.886022 2
1.23932 0.549819 2
0.211801 0.825912 2
0.933021 0.282719 2
0.700513 1.24256 2
0.517374 0.814002 2
1.01975 0.704073 2
1.21236 0.646345 2
0.223666 1.24004 2
0.745983 0.947353 2
1.22981 0.236617 2
0.689124 0.934203 2
1.07301 1.05492 2
0.541421 0.636881 2
0.652541 1.2407 2
0.00460577 1.14486 2
0.171567 0.683384 2
1.02239 1.06379 2
0.852464 0.777306 2
0.222207 0.846794 2
0.694207 0.755248 2
1.13621 0.846799 2
1.11138 0.218769 2
0.700617 0.314146 2
0.640867 1.38552 2
0.765817 0.409762 2
0.378594 0.70502 2
0.811644 0.261572 2
0.983363 0.5649 2
1.24622 1.12923 2
0.509014 0.972441 2
0.458481 0.0624045 2
0.40169 0.842032 2
0.223805 -0.167916 0
0.363743 0.887351 2
0.405951 1.37237 2
0.750257 0.509072 2
1.20373 0.949716 2
1.01439 1.11784 2
0.731123 0.966168 2
0.702921 0.775986 2
1.06605 0.486042 2
0.486366 0.667698 2
1.13655 1.35993 2
0.745851 0.870722 2
0.131982 1.18548 2
0.82732 1.28376 2
1.09541 0.612931 2
0.143278 0.82882 2
0.880514 1.40143 2
0.846642 0.641577 2
0.397138 1.31382 2
0.681554 0.624684 2
1.00829 0.238325 2
0.967892 0.801388 2
0.644466 1.07073 2
0.811132 0.0709685 2
0.305564 1.08912 2
1.09985 0.276778 2
0.673872 0.908884 2
0.904826 0.265925 2
0.535898 0.732302 2
0.91872 0.911755 2
0.664149 0.478994 2
0.338432 0.892416 2
0.383766 0.851334 2
0.743277 1.16428 2
1.10184 0.892317 2
0.84193 1.15622 2
0.242462 0.813577 2
0.68097 1.03748 2
-0.144219 0.94817 0
0.637801 0.512176 2
0.113417 0.970198 2
0.738925 0.674642 2
1.24601 0.873303 2
0.881772 0.580561 2
0.779303 0.845569 2
1.88694 0.782413 2
1.29135 0.53572 2
0.36226 0.0513749 2
0.489084 0.957696 2
0.400126 1.41965 2
1.16967 1.36144 2
0.721374 0.257639 2
1.2539 1.21988 2
0.778696 0.655262 2
1.27083 0.950523 2
0.759868 1.30583 2
0.797069 0.708476 2
1.40322 1.76095 2
0.809353 0.449788 2
0.531642 0.459571 2
0.654367 0.712671 2
0.495141 1.44839 2
0.684897 1.1757 2
0.683245 0.727449 2
0.536931 0.288014 2
0.841762 1.13631 2
1.00507 0.973657 2
0.237422 0.402229 2
0.503085 0.7794 2
0.895276 1.25406 2
0.190388 1.81245 2
0.495071 0.445389 2
0.515336 0.257599 2
1.14772 1.61782 2
0.4222 1.28336 2
0.518875 1.73708 2
0.846134 0.916978 2
1.41615 0.90524 2
0.693924 1.23722 2
0.821815 0.165309 2
1.55346 1.61199 2
0.228952 0.898617 2
1.19948 1.54915 2
1.4923 0.3962 2
0.785801 0.911834 2
0.434081 1.13843 2
0.491025 0.470788 2
0.389559 0.817821 2
0.776243 1.15958 2
0.311367 1.36996 2
1.28639 0.428574 2
1.28729 0.730313 2
1.17782 -0.450277 0
0.660233 1.99412 2
1.24744 1.24089 2
1.20297 -0.0781274 2
0.583975 1.36264 2
0.716737 0.77721 2
0.749287 0.38593 2
0.0993669 0.906818 2
0.845213 0.361583 2
1.33077 0.751525 2
0.822985 0.0982191 2
0.84728 0.304521 2
1.23544 0.944646 2
0.525754 0.97807 2
1.32006 1.06571 2
0.623455 1.05525 2
0.329703 0.69023 2
0.0959468 0.483902 2
1.01018 1.26772 2
0.783132 0.888866 2
0.696165 0.941993 2
1.61354 0.869706 2
0.825027 0.637717 2
0.595136 0.434079 2
1.36032 0.425496 2
0.96859 0.92948 2
0.121042 0.930375 2
0.528219 0.448993 2
0.354264 0.798885 2
1.35211 0.575149 2
0.395436 0.937119 2
0.690193 1.01081 2
0.388226 1.20551 2
1.27076 0.870001 2
1.38642 0.901491 2
0.0468739 1.20616 2
0.406704 -0.0683572 0
0.597122 0.518541 2
0.704737 1.47356 2
0.293884 1.02043 2
0.994183 0.944894 2
1.58165 0.552244 2
0.470374 1.17856 2
0.888333 0.910065 2
0.756488 0.7582 2
1.00029 0.534788 2
1.04272 0.656601 2
0.860133 0.867304 2
0.859396 1.53133 2
0.589448 0.877829 2
0.53876 0.729787 2
0.0112955 1.10219 2
1.47228 1.46384 2
0.581278 0.689399 2
1.19593 0.621 2
1.1506 0.460483 2
0.750323 0.247047 2
0.3931 0.365015 2
0.780378 1.1013 2
1.03863 1.09285 2
0.609945 0.859846 2
0.613019 0.600026 2
0.855868 0.602867 2
0.485308 0.104189 2
-0.032465 0.740425 0
0.315935 1.08129 2
0.166764 1.15367 2
0.401206 1.473 2
0.89838 1.13556 2
0.308252 0.662223 2
1.11923 0.818343 2
0.560944 0.158642 2
0.961583 0.469853 2
0.598728 0.694875 2
0.26449 1.16759 2
0.5395 1.16106 2
0.323717 0.172286 2
1.09569 0.28912 2
-0.226808 0.426931 0
0.847132 1.61956 2
0.801558 0.423867 2
1.01755 1.19589 2
0.302773 0.800182 2
0.697513 0.665759 2
0.839709 1.04605 2
0.743015 1.06195 2
1.10492 -0.200057 2
1.0198 0.58763 2
1.54148 1.36111 2
0.578935 1.55146 2
0.240762 0.84556 2
0.673696 1.10642 2
0.291411 0.788067 2
0.328971 0.601273 2
0.728019 0.603898 2
0.717398 0.606056 2
0.530287 1.59129 2
0.342159 1.78805 2
1.499 1.0103 2
0.827529 0.753195 2
0.522709 0.0190716 2
0.292789 1.0947 2
0.828997 0.570298 2
1.03741 0.775735 2
0.593826 0.287096 2
0.638491 0.353576 2
0.545398 0.814056 2
0.365316 1.12899 2
0.512486 0.358961 2
0.768152 0.648832 2
0.411333 1.96922 2
1.10377 1.12913 2
0.49189 1.10476 2
0.512417 1.46755 2
0.709884 0.642707 2
0.634711 0.682845 2
0.643724 1.14259 2
0.894571 0.446971 2
1.02578 -0.0161811 2
0.171496 0.155034 2
1.32954 0.610937 2
0.395172 0.445189 2
1.15057 -0.169478 2
0.826357 0.927647 2
1.30059 0.908751 2
0.440734 1.17317 2
0.97012 0.377798 2
0.734575 0.116814 2
0.914378 0.232637 2
0.536815 1.30978 2
0.730965 0.148187 2
1.31559 0.982546 2
1.2641 0.804251 2
0.516485 0.857734 2
0.961998 0.661052 2
1.04104 0.605493 2
1.63095 0.468948 2
1.13546 0.595117 2
0.385722 0.641411 2
0.700197 0.467432 2
1.72913 0.245487 2
0.900566 0.97485 2
0.665555 0.515967 2
0.617777 0.912586 2
0.88689 1.01209 2
1.01073 1.13334 2
1.41976 0.359937 2
0.819197 0.306664 2
0.430624 0.73267 2
0.642841 0.370317 2
1.09971 1.57992 2
1.22778 0.762083 2
0.866033 0.654517 2
1.09203 1.24681 2
0.379649 0.901452 2
0.814418 0.72814 2
0.361879 0.913011 2
0.343735 0.73324 2
1.04512 1.07197 2
1.31747 0.811634 2
0.66975 1.33812 2
1.18758 0.567866 2
0.271156 0.357381 2
0.0875391 1.2442 2
1.64139 0.501337 2
2.11674 0.403148 2
0.847804 1.13426 2
1.02076 0.997142 2
0.787382 0.456493 2
0.563942 1.02823 2
1.15266 1.2925 2
0.886449 1.75262 2
1.20322 0.582649 2
1.19272 1.40376 2
0.689027 0.978398 2
1.21916 1.13186 2
1.1377 1.46899 2
0.356522 0.39062 2
0.718053 0.860094 2
0.967187 0.832435 2
0.935512 1.27059 2
0.41643 0.884619 2
0.409844 0.652006 2
1.44034 0.528692 2
0.799987 0.890018 2
0.845581 0.71817 2
0.865026 0.0213267 2
0.135349 0.534216 2
0.725226 1.02417 2
0.0639194 1.26942 2
0.800438 0.910733 2
0.583598 0.86002 2
1.71269 -0.0150172 2
1.6014 1.71821 2
0.384667 0.260894 2
0.309174 0.674791 2
0.714837 1.03337 2
0.990481 1.37268 2
0.989668 1.15953 2
0.615408 1.57748 2
0.776577 0.883937 2
1.03108 0.956277 2
1.08235 0.27868 2
0.413937 0.828477 2
0.637729 0.798504 2
0.406872 1.25458 2
0.417671 0.589086 2
1.1313 0.447553 2
1.06673 1.0494 2
0.830768 0.91799 2
0.481522 0.911219 2
1.1908 1.0772 2
1.48888 1.58015 2
0.463015 0.29898 2
0.733072 0.703028 2
0.455814 1.03266 2
0.564873 0.630752 2
0.484356 1.58186 2
1.06635 0.802012 2
0.910962 1.20881 2
0.390637 0.981895 2
0.152134 1.08909 2
0.528975 1.14971 2
0.463208 0.405397 2
0.801292 1.0578 2
0.390652 0.832427 2
0.594952 0.27402 2
0.300348 1.06991 2
1.1735 0.977945 2
0.333687 0.430539 2
0.237697 1.17164 2
0.400816 -0.120393 0
0.271604 0.74367 2
0.0110464 1.31086 2
1.0771 1.75334 2
0.527397 1.06263 2
0.26584 0.549946 2
-0.0205646 1.39398 2
0.203332 0.798399 2
0.416519 1.41306 2
0.61157 0.484703 2
0.611119 1.55759 2
1.29954 0.715605 2
1.26679 -0.0683108 2
0.395377 0.320024 2
-0.361512 0.764205 0
0.193503 1.01918 2
1.03637 0.60909 2
0.59256 0.792135 2
0.917669 0.375359 2
1.11477 0.467091 2
0.773075 0.913465 2
0.916439 1.04165 2
1.00632 0.869674 2
-0.197152 0.636923 0
0.619341 0.339931 2
1.60026 0.876105 2
0.909513 0.682454 2
0.871273 1.57825 2
0.697907 0.643676 2
0.735374 1.10391 2
0.336395 0.864865 2
0.541528 0.360043 2
0.662528 1.05053 2
1.09802 1.2957 2
0.896846 0.761642 2
0.287713 0.45943 2
0.0249686 0.907375 2
0.350317 1.07246 2
1.3696 1.00855 2
0.393813 0.382363 2
1.18015 0.811594 2
0.48198 1.74226 2
0.762353 0.442611 2
0.516741 0.4049 2
0.103015 1.14741 2
0.317444 2.15056 2
-0.31868 0.916868 0
1.01616 1.47288 2
1.50487 0.910089 2
0.533531 1.44425 2
0.688038 1.08416 2
0.893283 0.737629 2
0.888452 0.892468 2
0.909275 0.186013 2
0.975768 0.0787848 2
1.04994 0.270683 2
0.58095 0.368386 2
0.170138 0.796548 2
0.887203 0.838369 2
0.845729 0.846146 2
0.322318 0.836439 2
0.858171 0.68042 2
0.565042 1.16791 2
1.09372 1.48208 2
1.05857 0.310575 2
0.840818 0.68084 2
0.433287 0.064864 2
0.214878 0.335538 2
1.06926 0.556374 2
1.43561 0.948461 2
0.566474 0.679305 2
0.130512 1.15309 2
0.994239 0.762986 2
1.31425 0.44094 2
0.631809 1.26077 2
0.143705 1.09957 2
0.634819 0.987247 2
0.7521 0.24231 2
0.702014 0.544712 2
