-1.99704 1.99078 0
-1.63964 1.27795 0
-2.16288 1.74852 0
-1.58237 0.517414 0
-1.41282 1.89262 0
-1.93713 1.06458 0
-1.52828 1.98496 0
-1.66761 1.77354 0
-1.71028 2.09469 0
-1.16783 2.44712 0
-1.63627 1.25676 0
-1.04693 1.7055 0
-1.62965 2.07227 0
-1.54951 1.46588 0
-1.34405 2.05668 0
-1.71415 1.99049 0
-1.59129 1.70074 0
-1.75069 0.893158 0
-1.04273 2.1173 0
-1.57034 1.58665 0
-1.82027 1.31054 0
-1.87156 2.09288 0
-1.13601 0.916608 0
-1.90446 1.33566 0
-1.89005 0.926389 0
-1.96244 1.62846 0
-1.84357 1.98531 0
-2.03533 1.45273 0
-1.96118 1.6545 0
-1.80391 2.57719 0
-1.34063 2.58246 0
-1.37331 2.04862 0
-1.92874 1.86209 0
-1.64357 1.43803 0
-1.21792 1.49401 0
-1.28742 1.65277 0
-2.16836 1.65372 0
-1.68802 1.00722 0
-1.43764 1.59776 0
-1.58756 2.06149 0
-1.68594 2.16232 0
-1.57159 1.69648 0
-2.03214 1.31977 0
-1.72299 1.89713 0
-1.51621 2.30109 0
-1.93221 1.33714 0
-1.34907 1.19821 0
-2.19491 1.6425 0
-1.63712 1.14662 0
-1.0868 1.5685 0
-1.59009 1.61746 0
-1.37777 1.60396 0
-2.14736 1.60246 0
-1.11148 1.76891 0
-1.64689 0.88706 0
-1.26375 2.27012 0
-2.30858 1.84074 0
-1.56403 1.77834 0
-1.6945 2.08712 0
-1.11673 2.02989 0
-1.61439 1.61825 0
-1.92929 1.58627 0
-1.73344 1.25101 0
-1.57517 2.57326 0
-1.76825 1.31461 0
-1.3824 2.25845 0
-2.56145 2.26079 0
-2.79549 1.14787 0
-1.61248 1.99845 0
-1.8969 1.09053 0
-0.718063 0.760005 0
-1.38453 1.59004 0
-2.1452 1.43588 0
-1.18181 1.88985 0
-1.31111 1.90662 0
-1.7601 1.84121 0
-2.18453 1.80533 0
-2.13185 1.13495 0
-1.58492 2.15605 0
-1.35212 0.986358 0
-0.476462 1.83481 0
-1.16949 1.78827 0
-2.07707 2.53372 0
-1.98051 1.74412 0
-2.44088 1.8241 0
-1.36004 2.06779 0
-1.58862 1.44329 0
-1.84709 2.00296 0
-1.17505 1.99877 0
-2.50202 1.58804 0
-1.50121 1.19905 0
-1.78953 1.31229 0
-1.2694 1.23148 0
-1.9682 1.54659 0
-1.94729 1.74681 0
-1.03839 1.55007 0
-1.38916 1.89898 0
-1.81352 2.20355 0
-1.33606 1.83229 0
-1.03352 2.01589 0
-0.918626 1.85311 0
-1.08369 1.44103 0
-1.6019 1.78491 0
-1.96187 1.71565 0
-2.09072 1.13577 0
-1.81321 1.58309 0
-2.19869 1.95779 0
-0.999156 2.15318 0
-2.23952 1.50363 0
-2.11634 1.1419 0
-2.02305 1.83784 0
-1.20098 2.04362 0
-1.4907 1.6362 0
-1.48569 0.904788 0
-1.65043 1.68307 0
-1.79811 2.13547 0
-2.27002 1.75322 0
-1.72776 1.00634 0
-1.48207 1.37212 0
-2.13249 1.62808 0
-1.71095 1.03628 0
-1.73893 1.43407 0
-1.95308 1.81765 0
-1.81765 2.31634 0
-1.49496 1.96303 0
-1.68379 1.84583 0
-1.74957 0.983528 0
-2.1365 1.75819 0
-1.68971 2.63804 0
-1.77594 1.43621 0
-2.11284 2.23459 0
-2.25449 1.26138 0
-1.44628 0.43962 0
-2.16687 0.941643 0
-1.57996 0.331013 0
-2.18549 1.13919 0
-1.84338 2.09033 0
-1.62266 1.38889 0
-1.35716 1.87101 0
-1.0164 1.35648 0
-1.81321 2.18814 0
-1.66261 1.49066 0
-1.53202 1.6462 0
-1.2016 1.86292 0
-1.94406 1.73723 0
-2.50135 1.56105 0
-1.14512 1.58976 0
-2.56528 1.77332 0
-1.73046 1.86045 0
-0.850615 2.06205 0
-1.86924 1.92699 0
-1.42111 2.21194 0
-1.63442 1.61711 0
-2.0492 1.01499 0
-1.0993 1.51058 0
-1.04041 1.57169 0
-1.80955 1.66394 0
-1.30236 1.26826 0
-1.03048 1.57324 0
-1.53264 1.32557 0
-1.72511 2.25797 0
-1.2821 1.87258 0
-1.07749 1.20697 0
-0.717743 1.48904 0
-1.47071 1.90591 0
-1.16207 1.14858 0
-1.69621 1.24341 0
-1.86566 1.88819 0
-1.61736 1.38983 0
-1.73446 1.19622 0
-1.20884 2.03414 0
-1.03125 2.17057 0
-2.04523 1.19076 0
-1.33067 1.60277 0
-1.72309 1.71201 0
-2.02227 1.31512 0
-1.15949 1.70032 0
-1.77481 2.18047 0
-1.79639 2.06338 0
-1.61887 1.63745 0
-2.34276 1.59755 0
-1.65185 0.990693 0
-1.32635 1.58253 0
-0.870355 0.95454 0
-1.43232 1.87186 0
-2.02 1.43811 0
-2.08161 1.10154 0
-1.31056 2.1732 0
-1.39694 1.45269 0
-1.35156 2.27665 0
-0.917816 2.12706 0
-1.28071 1.56908 0
-0.792922 0.846642 0
-1.10044 1.75483 0
-1.70654 1.44326 0
-1.6625 1.12914 0
-0.409812 1.3332 0
-1.66876 1.62345 0
-1.96867 1.52382 0
-1.47675 1.32788 0
-2.41327 -2.16497 1
-1.57063 -1.80148 1
-1.64729 -2.27999 1
-2.2731 -2.55251 1
-2.45943 -2.03266 1
-2.89555 -1.79652 1
-1.91256 -1.95781 1
-2.42442 -1.03209 1
-1.82679 -1.96448 1
-3.13705 -1.86077 1
-2.94685 -2.1568 1
-2.66463 -2.30926 1
-2.49106 -3.19756 1
-1.46078 -2.16613 1
-2.47049 -2.27923 1
-2.01563 -2.67748 1
-2.45981 -1.73251 1
-1.89505 -1.8263 1
-2.52947 -2.19191 1
-2.03481 -2.23611 1
-1.81151 -2.12194 1
-2.13406 -1.69205 1
-1.85211 -2.16382 1
-2.18374 -2.56829 1
-1.95779 -1.99658 1
-2.13791 -2.31917 1
-2.06319 -2.82739 1
-1.71487 -1.68051 1
-2.90527 -2.68082 1
-2.34659 -2.58392 1
-2.48683 -2.0344 1
-1.80971 -2.17971 1
-1.92971 -1.77628 1
-1.93638 -2.13784 1
-2.24397 -1.89446 1
-1.29241 -2.21666 1
-2.05617 -2.15836 1
-1.98464 -1.4988 1
-2.43291 -2.2888 1
-1.66715 -2.31282 1
-2.71614 -2.46114 1
-1.67443 -2.16593 1
-2.45428 -1.50611 1
-2.66076 -1.68027 1
-2.28642 -2.60004 1
-1.76537 -1.78505 1
-1.56145 -1.86692 1
-1.73748 -2.04209 1
-2.47787 -1.88989 1
-2.27715 -2.38047 1
-1.87607 -2.19011 1
-2.10827 -2.67855 1
-1.99601 -2.13866 1
-2.07477 -1.17011 1
-1.67834 -2.30496 1
-1.64891 -2.32667 1
-1.8872 -2.03154 1
-2.3737 -1.62105 1
-2.97966 -2.64639 1
-2.29757 -2.26926 1
-1.66364 -2.072 1
-1.75892 -1.02438 1
-2.7054 -1.91922 1
-2.12211 -1.67214 1
-1.82842 -2.17118 1
-1.46445 -2.59712 1
-2.49766 -2.31687 1
-2.50652 -1.42675 1
-1.25829 -1.94307 1
-2.08573 -2.70072 1
-2.1337 -2.33559 1
-2.34343 -2.1092 1
-2.66971 -2.3347 1
-1.97064 -1.60885 1
-2.6338 -2.26128 1
-1.51932 -0.630361 1
-2.63022 -1.95488 1
-2.05385 -1.71376 1
-2.05421 -1.65518 1
-2.33575 -2.45547 1
-2.26266 -1.47915 1
-2.07297 -1.60921 1
-2.29551 -2.07617 1
-2.34352 -1.76608 1
-1.99951 -2.1419 1
-1.54139 -2.2374 1
-1.79584 -1.90068 1
-1.95262 -2.0007 1
-2.12254 -1.66995 1
-1.66725 -1.49228 1
-1.43246 -1.48348 1
-1.54392 -2.22121 1
-2.12682 -1.95891 1
-1.90257 -1.3401 1
-2.00827 -2.30458 1
-1.86978 -1.43937 1
-3.06677 -1.62555 1
-2.05385 -2.01671 1
-1.71851 -1.73925 1
-2.75543 -1.60946 1
-2.13281 -2.37519 1
-1.99813 -1.99054 1
-2.52001 -2.22015 1
-1.69107 -2.11554 1
-2.16393 -2.55133 1
-2.3611 -1.87806 1
-2.25523 -2.08208 1
-2.54601 -1.27854 1
-1.94483 -1.26368 1
-2.57726 -2.00107 1
-1.54022 -2.03804 1
-1.74217 -1.76581 1
-2.28467 -1.88593 1
-1.77655 -2.65348 1
-1.73597 -2.48158 1
-2.50891 -1.86866 1
-2.00633 -1.97171 1
-2.18486 -2.15376 1
-1.76125 -1.92559 1
-1.55096 -2.25708 1
-1.98775 -2.76914 1
-1.87069 -1.61893 1
-1.88152 -1.77346 1
-1.66291 -1.52416 1
-1.41403 -2.17704 1
-2.06598 -1.36587 1
-1.96276 -2.11191 1
-2.73168 -2.69501 1
-1.94402 -2.13769 1
-1.63002 -2.18893 1
-2.46456 -1.96311 1
-2.65217 -1.7049 1
-1.97559 -1.64412 1
-2.12441 -1.56163 1
-1.98616 -2.16102 1
-2.07832 -1.68245 1
-2.7236 -2.58195 1
-1.02031 -2.59971 1
-2.09111 -1.98269 1
-1.85997 -1.9898 1
-2.4648 -2.16497 1
-1.60908 -2.2054 1
-2.28188 -2.34384 1
-1.50601 -1.65538 1
-2.65198 -1.64864 1
-1.5353 -2.64853 1
-2.13201 -2.32977 1
-1.52872 -1.67696 1
-1.09569 -1.97229 1
-2.03276 -2.49773 1
-2.45071 -2.71644 1
-2.39281 -2.54573 1
-2.11666 -1.87912 1
-2.54646 -2.13696 1
-2.29278 -2.16059 1
-2.45405 -2.4206 1
-1.81585 -1.7858 1
-1.4616 -2.77207 1
-2.99132 -2.54202 1
-2.30629 -0.908837 1
-2.41058 -1.85241 1
-2.19792 -2.19883 1
-2.1054 -1.85837 1
-2.48793 -2.31565 1
-2.6434 -2.37821 1
-1.37315 -2.1278 1
-1.8778 -1.7672 1
-2.27597 -2.35692 1
-1.89802 -1.55431 1
-2.67525 -1.86322 1
-2.13774 -1.76554 1
-2.77877 -2.15507 1
-2.39775 -1.88149 1
-2.06527 -2.39378 1
-2.30409 -1.89452 1
-1.66026 -1.82212 1
-2.11651 -2.38535 1
-2.3275 -2.4731 1
-2.37613 -1.97248 1
-1.47316 -2.32913 1
-1.4459 -1.65106 1
-1.83946 -1.62765 1
-2.51505 -1.81598 1
-3.19783 -2.38686 1
-2.17932 -1.69694 1
-2.53747 -2.29491 1
-2.35478 -2.82641 1
-2.7814 -2.52143 1
-1.92248 -1.50366 1
-2.30861 -2.65662 1
-1.87559 -2.03833 1
-2.14996 -2.25996 1
-2.75372 -2.15131 1
-2.23044 -2.21066 1
-1.90767 -2.05465 1
-1.97795 -1.77521 1
-3.14596 -1.35962 1
-2.05828 -1.59636 1
-1.88622 -2.56256 1
-2.01222 -2.08187 1
1.73757 -2.86113 0
1.80502 -3.56923 0
2.33365 -2.01934 0
2.25534 -2.63763 0
2.62261 -2.89129 0
1.96791 -2.23205 0
2.3652 -2.93006 0
1.68703 -2.58981 0
1.89582 -2.7351 0
1.86654 -3.03467 0
2.48971 -2.59942 0
2.44682 -2.44486 0
2.04741 -2.36096 0
1.30954 -2.02987 0
2.32571 -2.69504 0
1.74385 -2.94243 0
1.657 -2.35022 0
2.09969 -2.88673 0
1.3588 -2.92084 0
1.78087 -2.88347 0
1.75361 -2.12755 0
1.59985 -3.25429 0
1.75343 -2.14931 0
1.5754 -2.35635 0
2.17406 -2.48184 0
2.20866 -2.25759 0
1.43198 -2.66777 0
1.56606 -3.02859 0
2.73941 -2.81956 0
2.32531 -2.13727 0
1.7054 -1.87658 0
2.59795 -2.66869 0
0.826342 -3.03335 0
1.80452 -3.07106 0
2.11853 -1.99546 0
2.05942 -2.64532 0
2.41718 -2.96317 0
1.65022 -1.51021 0
2.89706 -2.19023 0
2.10071 -2.92781 0
1.29444 -2.42164 0
1.47267 -2.64026 0
1.49614 -2.50971 0
1.93013 -2.32359 0
2.68422 -2.77809 0
2.10833 -1.99292 0
1.9221 -2.45153 0
1.74473 -3.07066 0
1.24738 -2.89058 0
1.43468 -2.1463 0
2.02747 -2.4333 0
1.43578 -2.2251 0
2.04931 -2.68221 0
1.77497 -2.72042 0
1.9509 -2.26545 0
1.58204 -3.28354 0
1.98646 -2.81052 0
1.2209 -2.60479 0
1.97588 -1.8344 0
1.78022 -2.82867 0
2.06272 -2.83866 0
1.80869 -2.88463 0
1.87958 -2.98372 0
1.42398 -2.3307 0
1.69586 -1.92925 0
2.11838 -2.77161 0
1.63781 -2.25406 0
2.14353 -2.95587 0
0.91264 -2.08011 0
1.89585 -2.12539 0
2.19421 -3.06538 0
2.62027 -2.28496 0
2.26668 -2.5609 0
2.14271 -2.31158 0
1.50942 -3.06682 0
2.47246 -2.60083 0
2.2458 -2.98361 0
1.46473 -1.91959 0
2.42383 -2.42023 0
1.84888 -2.52113 0
2.68825 -3.45237 0
2.11756 -3.06978 0
1.85856 -2.29987 0
1.7017 -2.14896 0
1.66493 -3.27736 0
1.81348 -2.47242 0
1.8337 -2.3166 0
1.38384 -3.17951 0
2.43803 -2.59284 0
2.26366 -2.8245 0
1.81428 -2.58016 0
2.46578 -2.38014 0
1.70212 -2.4063 0
2.14397 -2.65407 0
2.1958 -2.99991 0
1.19133 -2.12355 0
1.46627 -2.34984 0
1.17308 -2.49338 0
2.6281 -2.74337 0
1.64378 -3.34668 0
1.6874 -2.96354 0
2.37878 -3.05506 0
1.75669 -3.17674 0
2.19657 -2.89394 0
2.68386 -2.77638 0
2.1494 -2.3121 0
1.26697 -2.41499 0
1.00043 -3.28515 0
2.22634 -2.49296 0
1.44473 -2.83065 0
1.76259 -2.3574 0
2.41591 -2.78473 0
2.32744 -2.70818 0
2.50344 -2.68253 0
2.30992 -3.45973 0
2.2859 -2.88033 0
1.69742 -2.7988 0
1.80427 -2.58477 0
2.63178 -2.72917 0
1.65142 -1.66496 0
2.07862 -2.66735 0
2.17304 -1.61739 0
2.56329 -2.65192 0
1.78656 -3.29666 0
1.81525 -2.18725 0
1.40874 -3.13231 0
2.23951 -1.95883 0
1.77861 -2.78646 0
1.89611 -2.84611 0
1.36631 -1.15975 0
1.68396 -3.19395 0
1.54087 -2.47261 0
1.75751 -2.34257 0
1.72453 -2.30348 0
1.96812 -2.68735 0
1.96769 -2.37228 0
2.2675 -2.58418 0
2.30416 -2.27332 0
2.04518 -1.60387 0
2.69306 -2.36441 0
2.10055 -3.30296 0
1.18459 -2.59277 0
0.700958 -2.2772 0
2.62498 -2.65941 0
2.21956 -2.88914 0
2.30274 -2.38366 0
1.93163 -2.65379 0
2.35196 -2.64926 0
2.16879 -2.45069 0
1.6659 -3.13688 0
2.03864 -2.70147 0
2.15903 -2.30446 0
1.86637 -2.0976 0
1.66681 -2.72885 0
2.3339 -2.66508 0
1.6479 -2.69736 0
1.19351 -1.9644 0
1.92185 -2.97304 0
2.06261 -2.57384 0
2.39121 -2.546 0
2.03 -2.48773 0
1.62244 -2.72803 0
2.30407 -2.40004 0
2.24359 -2.53841 0
1.60427 -2.11808 0
1.94881 -2.39462 0
2.59964 -2.99099 0
2.34139 -2.50408 0
1.38393 -2.07842 0
1.59747 -2.65493 0
2.21682 -2.3399 0
2.44593 -2.57139 0
2.14862 -2.43748 0
1.66146 -2.31842 0
1.32434 -2.97661 0
1.60706 -2.08423 0
1.52581 -2.62618 0
1.37537 -2.93554 0
1.15629 -2.6434 0
2.10418 -2.62271 0
1.78987 -3.56762 0
1.47893 -3.34522 0
1.59282 -1.92979 0
1.81664 -2.85141 0
2.03394 -2.40689 0
2.06381 -3.24387 0
1.56963 -1.95329 0
2.36145 -2.3391 0
2.28018 -2.68514 0
1.97246 -2.7814 0
2.32404 -2.09306 0
1.68239 -3.28626 0
2.51677 -2.19171 0
1.7637 -2.3741 0
1.05342 -2.65456 0
1.90278 -2.67451 0
2.76302 -2.60245 0
2.12601 -2.78639 0
2.24204 -3.08242 0
1.93377 -2.76859 0
2.04497 1.0745 2
1.55115 1.56363 2
1.94671 1.21742 2
1.49384 1.89496 2
2.11278 1.73264 2
1.65576 2.2631 2
1.87097 1.16825 2
1.28043 1.81426 2
1.32199 1.32867 2
2.10231 1.26841 2
2.03724 1.65918 2
1.82829 1.37831 2
1.9762 1.71743 2
1.23088 1.43438 2
1.53258 1.35845 2
2.24858 1.71606 2
1.3454 1.21257 2
1.92225 1.85416 2
2.46679 2.12922 2
1.88555 1.52868 2
1.37155 0.963093 2
2.53098 1.53691 2
2.14501 1.10345 2
2.41627 1.47123 2
2.07195 1.30109 2
1.99317 1.28169 2
2.45556 1.45582 2
2.67529 1.14938 2
2.51765 1.43892 2
2.24302 2.09222 2
1.57651 1.3491 2
1.92684 1.85223 2
1.52983 1.81177 2
1.77939 2.19669 2
1.72328 1.49966 2
1.96367 1.67479 2
1.89352 2.32729 2
1.47044 1.46842 2
1.71368 2.10989 2
1.68024 1.66238 2
2.10956 1.84908 2
1.56239 1.70999 2
2.22648 1.54013 2
2.29635 1.59575 2
2.59213 1.39287 2
2.77225 2.26143 2
2.77935 1.78783 2
1.49888 1.06993 2
2.2615 1.72456 2
1.0037 1.06136 2
2.3481 1.13573 2
2.38756 1.2451 2
1.85356 1.54204 2
2.00256 1.75607 2
2.10631 1.38719 2
1.91105 0.838244 2
1.38259 0.82827 2
1.48216 1.84177 2
1.30196 1.70199 2
1.87926 2.02509 2
2.37344 0.901528 2
2.1658 1.80209 2
1.52433 1.81124 2
1.27031 1.92081 2
2.10911 2.43324 2
2.65719 1.42351 2
1.80017 1.62878 2
1.88655 1.52967 2
2.0997 2.07886 2
2.45215 1.77966 2
2.28808 1.33385 2
2.45735 1.29489 2
2.20652 1.12997 2
2.24786 1.56489 2
1.69849 1.34918 2
1.96578 1.53229 2
2.55573 1.56968 2
2.21232 1.55256 2
1.94368 2.17885 2
1.59993 1.65816 2
2.83504 1.89877 2
1.97594 2.30885 2
2.75843 1.18218 2
1.65219 1.78879 2
1.21935 1.24068 2
2.25406 0.992811 2
1.9014 1.45431 2
1.87952 1.2863 2
2.00911 1.41044 2
2.7515 0.965944 2
2.47904 1.4537 2
2.03313 1.93165 2
2.27812 1.54344 2
2.32728 1.54973 2
2.34455 1.92536 2
1.79774 1.5717 2
2.14673 1.48078 2
2.28204 2.13597 2
2.55441 1.42746 2
2.43588 1.48498 2
2.5039 1.39206 2
2.04348 1.16422 2
1.48503 1.47312 2
1.56649 1.38638 2
2.4815 1.31186 2
1.47789 2.00732 2
2.47159 2.42283 2
1.16697 1.62978 2
2.00179 2.16146 2
2.24778 1.34356 2
2.07263 1.28249 2
2.4808 1.7305 2
1.46116 1.78328 2
2.12211 1.53059 2
2.01289 2.32692 2
2.27941 2.23787 2
3.02307 1.4705 2
1.69334 1.70504 2
2.68475 1.91974 2
1.50529 2.00065 2
2.74407 1.31754 2
1.49665 1.76453 2
2.66945 1.01547 2
2.52216 0.939822 2
2.10449 1.43785 2
1.94463 1.02206 2
1.46362 1.72144 2
1.84268 2.28171 2
1.39358 1.80336 2
2.40139 2.57884 2
1.84227 2.18029 2
2.07094 1.58987 2
2.44144 1.17244 2
2.00926 2.31136 2
1.49095 1.90576 2
2.5383 1.71084 2
1.70219 1.901 2
2.58715 1.73851 2
1.93817 2.55037 2
1.70564 1.48318 2
1.99971 1.49578 2
2.0545 2.24434 2
1.17479 1.87247 2
1.66245 1.49106 2
3.16601 1.48927 2
0.9647 1.00939 2
2.14556 2.79923 2
1.83224 2.12481 2
1.74625 1.81151 2
1.36885 1.37006 2
2.6857 2.05068 2
2.10504 1.52623 2
2.04035 1.7321 2
2.63715 1.82412 2
1.90442 1.87766 2
2.09005 1.56859 2
2.38441 1.68538 2
1.11017 1.76787 2
1.71289 1.44987 2
1.21352 1.61126 2
2.24183 2.00511 2
2.35327 1.76755 2
2.44192 1.83659 2
1.84221 2.17047 2
2.05878 1.27002 2
3.14429 1.76264 2
2.35305 2.12924 2
2.29713 1.01314 2
1.92565 2.32746 2
1.86722 1.10945 2
2.3327 1.61851 2
2.07753 1.7395 2
2.09567 1.51708 2
1.66536 1.51348 2
1.94366 0.858572 2
2.11533 0.999857 2
2.23815 1.36699 2
1.72641 1.81884 2
2.41078 0.660388 2
1.61604 1.77068 2
1.89468 1.68458 2
2.57132 1.66962 2
2.25796 0.660524 2
2.69583 1.28921 2
2.17432 1.76732 2
1.57681 2.10872 2
1.81491 1.67758 2
2.15895 1.50538 2
1.85257 2.13725 2
0.938807 1.45288 2
1.68018 1.53803 2
1.62736 1.41988 2
1.87416 0.981583 2
2.32089 1.87621 2
2.17616 1.69836 2
2.42007 1.59068 2
1.89917 1.80641 2
1.53885 0.881823 2
1.79542 1.4408 2
1.82788 1.80485 2
