-1.17785 1.17158 0
-0.820435 0.458746 0
-1.34368 0.929316 0
-0.763171 -0.301787 0
-0.593621 1.07342 0
-1.11793 0.245379 0
-0.709075 1.16576 0
-0.848406 0.954339 0
-0.891084 1.27549 0
-0.34863 1.62792 0
-0.817067 0.437558 0
-0.227727 0.886301 0
-0.810446 1.25307 0
-0.730311 0.646678 0
-0.524852 1.23748 0
-0.894954 1.17129 0
-0.772093 0.881542 0
-0.931492 0.0739579 0
-0.223525 1.2981 0
-0.751136 0.767448 0
-1.00107 0.491343 0
-1.05236 1.27368 0
-0.316813 0.097408 0
-1.08526 0.516463 0
-1.07085 0.107189 0
-1.14324 0.809257 0
-1.02437 1.16611 0
-1.21613 0.633527 0
-1.14198 0.835297 0
-0.984708 1.75799 0
-0.521433 1.76326 0
-0.554108 1.22942 0
-1.10954 1.04289 0
-0.824372 0.61883 0
-0.398725 0.674811 0
-0.468218 0.833566 0
-1.34916 0.834517 0
-0.868822 0.188017 0
-0.618437 0.778562 0
-0.768361 1.24229 0
-0.866739 1.34312 0
-0.752393 0.877276 0
-1.21294 0.500572 0
-0.903788 1.07793 0
-0.697011 1.48189 0
-1.11301 0.51794 0
-0.529867 0.379007 0
-1.37571 0.823304 0
-0.817923 0.327417 0
-0.267601 0.749304 0
-0.770888 0.798262 0
-0.558566 0.784762 0
-1.32816 0.783258 0
-0.292281 0.949712 0
-0.827687 0.0678604 0
-0.44455 1.45092 0
-1.48938 1.02154 0
-0.744832 0.959135 0
-0.875298 1.26792 0
-0.297532 1.21069 0
-0.795188 0.799048 0
-1.11009 0.767071 0
-0.914236 0.431811 0
-0.755973 1.75406 0
-0.949051 0.495414 0
-0.563201 1.43925 0
-1.74225 1.44159 0
-1.97629 0.328673 0
-0.793281 1.17925 0
-1.0777 0.271333 0
0.101137 -0.0591951 0
-0.565331 0.770845 0
-1.326 0.616679 0
-0.36261 1.07065 0
-0.491905 1.08742 0
-0.940903 1.02201 0
-1.36533 0.986129 0
-1.31265 0.31575 0
-0.765723 1.33685 0
-0.532921 0.167157 0
0.342738 1.01561 0
-0.350293 0.969066 0
-1.25787 1.71452 0
-1.16131 0.924919 0
-1.62168 1.0049 0
-0.540838 1.24859 0
-0.769416 0.624089 0
-1.02789 1.18376 0
-0.355845 1.17957 0
-1.68282 0.76884 0
-0.682014 0.379851 0
-0.970333 0.493087 0
-0.450204 0.412282 0
-1.149 0.727387 0
-1.12809 0.927607 0
-0.219189 0.730868 0
-0.569957 1.07978 0
-0.994322 1.38435 0
-0.516858 1.01309 0
-0.214318 1.19669 0
-0.0994261 1.03391 0
-0.264486 0.621828 0
-0.782696 0.96571 0
-1.14267 0.896449 0
-1.27152 0.316567 0
-0.994012 0.76389 0
-1.37949 1.13859 0
-0.179956 1.33398 0
-1.42032 0.684428 0
-1.29714 0.322697 0
-1.20385 1.01864 0
-0.38178 1.22442 0
-0.671502 0.817001 0
-0.666489 0.0855877 0
-0.831227 0.863867 0
-0.978914 1.31627 0
-1.45082 0.934015 0
-0.908555 0.187136 0
-0.66287 0.552923 0
-1.31329 0.808881 0
-0.891752 0.217082 0
-0.919726 0.614866 0
-1.13388 0.99845 0
-0.998448 1.49714 0
-0.675757 1.14383 0
-0.864592 1.02663 0
-0.930372 0.164328 0
-1.3173 0.938993 0
-0.870509 1.81884 0
-0.956742 0.61701 0
-1.29364 1.41539 0
-1.43529 0.442176 0
-0.627078 -0.37958 0
-1.34767 0.122443 0
-0.760758 -0.488187 0
-1.36629 0.319988 0
-1.02418 1.27112 0
-0.803458 0.569692 0
-0.53796 1.05181 0
-0.197205 0.537284 0
-0.994009 1.36894 0
-0.843413 0.671465 0
-0.712822 0.826996 0
-0.382403 1.04372 0
-1.12486 0.918034 0
-1.68215 0.741854 0
-0.325924 0.770556 0
-1.74608 0.954121 0
-0.911261 1.04125 0
-0.031415 1.24285 0
-1.05004 1.10779 0
-0.601915 1.39274 0
-0.815224 0.797913 0
-1.23 0.195794 0
-0.2801 0.691384 0
-0.221209 0.75249 0
-0.99035 0.844739 0
-0.483157 0.449056 0
-0.211278 0.754037 0
-0.713436 0.506371 0
-0.905907 1.43877 0
-0.462904 1.05338 0
-0.258292 0.387769 0
0.101457 0.669841 0
-0.651506 1.08671 0
-0.342872 0.329379 0
-0.877008 0.424205 0
-1.04646 1.06899 0
-0.798158 0.570629 0
-0.915256 0.377015 0
-0.389637 1.21494 0
-0.212049 1.35137 0
-1.22603 0.371564 0
-0.511468 0.783568 0
-0.903887 0.892812 0
-1.20307 0.495918 0
-0.340291 0.881121 0
-0.95561 1.36127 0
-0.977187 1.24418 0
-0.799665 0.81825 0
-1.52356 0.778352 0
-0.832649 0.171493 0
-0.507153 0.76333 0
-0.0511549 0.13534 0
-0.613119 1.05266 0
-1.2008 0.618912 0
-1.26241 0.282344 0
-0.491365 1.354 0
-0.57774 0.633489 0
-0.53236 1.45745 0
-0.0986165 1.30786 0
-0.461511 0.749883 0
0.0262781 0.0274418 0
-0.281241 0.935634 0
-0.887344 0.62406 0
-0.843302 0.30994 0
0.409388 0.514001 0
-0.849563 0.804254 0
-1.14947 0.70462 0
-0.657546 0.508684 0
-1.18447 0.702234 0
-0.341834 1.06572 0
-0.418487 0.587206 0
-1.0443 0.314692 0
-1.23063 0.834544 0
-1.66675 1.07068 0
-0.683763 0.909394 0
-1.19562 1.83511 0
-0.59799 0.902725 0
-1.90825 1.00643 0
-1.71805 0.710398 0
-1.43583 0.557943 0
-1.26226 -0.330364 0
-0.231979 0.701073 0
-1.24169 0.587973 0
-0.786829 0.189721 0
-1.23101 1.13469 0
-0.666248 1.0409 0
-1.30067 0.675294 0
-0.806013 0.631091 0
-0.582707 0.74526 0
-0.90526 1.17515 0
-0.623308 0.703381 0
-0.95494 0.298912 0
-0.728988 0.870619 0
-0.909114 0.54803 0
-0.834392 0.0398118 0
-0.486067 1.18669 0
-1.67647 0.186378 0
-1.11779 0.283283 0
-1.25803 0.832797 0
-0.580906 0.687488 0
-0.700909 1.09092 0
-0.70758 0.729362 0
-1.01517 0.972742 0
-0.0636085 0.650536 0
-0.827375 0.708839 0
-0.755839 1.3684 0
-1.20411 0.578402 0
-0.438352 0.554383 0
-1.48734 0.406063 0
-0.445629 0.701268 0
-1.22548 1.36109 0
-1.43196 1.18693 0
-1.05762 0.267157 0
-0.53657 1.08215 0
-0.332648 1.00028 0
-0.508682 0.825106 0
-1.24907 0.977305 0
-1.04835 0.486727 0
-0.647273 0.677089 0
-0.87947 0.188649 0
-0.767208 0.728538 0
-0.845973 1.69709 0
-0.449536 0.562235 0
-0.420109 0.54053 0
-0.658399 0.83566 0
-1.1449 1.24615 0
-1.75086 0.220805 0
-1.06877 0.597943 0
-0.434835 0.795198 0
-0.530115 1.84282 0
-1.4766 0.947982 0
-0.893314 1.19506 0
-0.599625 0.696022 0
-0.235652 0.270083 0
-1.26886 0.550332 0
-1.27772 1.44045 0
-0.0294946 0.924129 0
-0.856926 0.166475 0
-0.904902 0.531611 0
-1.11463 0.757996 0
-1.44091 0.5325 0
-0.741842 1.25835 0
-1.405 0.605925 0
-0.290517 2.23684 0
-1.40142 0.912324 0
-0.825051 1.15344 0
-0.825415 1.21202 0
-1.10695 0.411733 0
-1.03386 1.38805 0
-0.844175 1.25799 0
-1.06671 0.791026 0
-1.11472 1.10112 0
-0.77071 0.725299 0
-0.31259 0.629805 0
-0.567043 0.96652 0
-0.723824 0.866504 0
-0.893737 1.19725 0
-0.438451 1.37492 0
-0.203664 1.38372 0
-0.315117 0.645994 0
-0.898019 0.908293 0
-0.673768 1.5271 0
-0.779471 0.562622 0
-0.640975 1.42783 0
-1.83797 1.24165 0
-0.82505 0.850491 0
-0.489712 1.12795 0
-1.52663 1.25774 0
-0.904006 0.492014 0
-0.769335 0.876662 0
-1.29121 0.647049 0
-0.462267 0.751663 0
-0.935127 0.315871 0
-1.1323 0.989141 0
-1.02643 0.785117 0
-1.31721 1.58866 0
-0.716031 1.60352 0
-1.34846 0.866132 0
-0.311423 0.829162 0
-0.513367 1.10139 0
-1.05587 0.981272 0
-0.547749 0.213725 0
-0.507171 0.385617 0
-1.28011 0.99854 0
-0.777535 0.895488 0
-0.956059 0.713444 0
-0.532448 0.941613 0
-0.322164 0.610118 0
-0.758947 0.0980615 0
-0.641885 1.24827 0
-0.652721 1.09374 0
-0.434108 1.34304 0
-0.185234 0.69016 0
-0.83718 1.50133 0
-0.733962 0.755288 0
-1.50288 0.172193 0
-0.715216 0.729512 0
-0.401221 0.678274 0
-1.23576 0.904086 0
-1.42337 1.1623 0
-0.746794 1.22308 0
-0.895606 1.30557 0
-0.757356 0.706183 0
-0.849518 1.18475 0
-1.4948 0.285246 0
0.208492 0.26749 0
-0.862308 0.884507 0
-0.631166 0.877397 0
-1.236 0.702226 0
-0.380276 0.661802 0
-1.05308 0.523359 0
-0.277206 1.21182 0
-1.42318 1.21856 0
-0.306505 0.218668 0
-0.903213 0.537435 0
-0.299921 1.19024 0
0.133107 0.894914 0
-0.803957 0.369469 0
-1.22191 0.150763 0
-1.16401 0.321467 0
-0.887857 0.988079 0
-1.31766 0.730239 0
-1.06398 0.706611 0
-1.22525 0.446597 0
-0.587048 1.0814 0
-0.232801 0.0951324 0
-1.76252 0.325184 0
-1.07749 1.95836 0
-1.18178 1.01479 0
-0.969123 0.668369 0
-0.876597 1.00883 0
-1.25913 0.551555 0
-1.4146 0.488985 0
-0.144353 0.739402 0
-0.648998 1.1 0
-1.04717 0.510283 0
-0.669222 1.31289 0
-1.44645 1.00398 0
-0.90894 1.10166 0
-1.54997 0.712129 0
-1.16895 0.985714 0
-0.836466 0.473421 0
-1.07529 0.972678 0
-0.431455 1.04508 0
-0.887707 0.481845 0
-1.0987 0.394103 0
-1.14733 0.894718 0
-0.244362 0.538067 0
-0.217103 1.21614 0
-0.610664 1.23955 0
-1.28625 1.05122 0
-1.96903 0.480338 0
-0.950523 1.17026 0
-1.30867 0.57229 0
-1.12598 0.0407905 0
-1.5526 0.345771 0
-0.693685 1.36354 0
-1.07981 0.210583 0
-0.646788 0.828874 0
-0.921157 0.607245 0
-1.52492 0.715889 0
-1.00164 0.65654 0
-0.678872 0.812549 0
-0.749153 1.09199 0
-1.91716 1.50758 0
-0.829479 1.27084 0
-0.657416 0.304642 0
-0.783421 0.785327 0
-1.00163 0.518068 0
-0.934175 -0.19003 0
-0.405552 1.35986 0
-0.483863 0.741565 0
-0.11659 0.487914 0
-0.771294 1.14715 0
-0.373997 0.449141 0
-1.05217 0.789389 0
-0.843379 0.644103 0
-0.872658 0.344526 0
-0.249492 0.779785 0
-0.292377 0.934342 0
-0.691791 1.01824 0
-1.42966 1.34933 0
-0.413495 0.684164 0
-0.995348 0.436768 0
-1.0822 1.02898 0
-0.639511 0.49247 0
-1.3804 0.45836 0
-0.958332 0.495731 0
-0.985587 1.25165 0
-1.13935 0.124909 0
-0.985774 1.22989 0
-1.1638 1.02285 0
-0.565145 0.89736 0
-0.530539 1.12161 0
-1.30722 0.711427 0
-1.17314 0.350607 0
0.00020918 0.559643 0
-0.413891 1.24193 0
-1.0338 1.50262 0
-0.141252 0.710506 0
-1.91286 0.345846 0
-0.934676 0.308138 0
-0.620667 1.38374 0
-0.679778 0.733875 0
-0.322022 0.416032 0
-1.08898 1.86899 0
0.157863 1.18897 0
-0.638491 0.451386 0
-1.44476 0.957557 0
-1.26653 0.738938 0
-1.24306 0.869493 0
-0.809066 1.05561 0
-0.0549763 0.601114 0
-0.630868 1.38628 0
-0.817102 0.927668 0
-0.994467 0.308543 0
-1.49182 0.48862 0
-1.30452 1.2329 0
-0.711729 0.945895 0
-1.30342 1.1541 0
-0.689885 0.696986 0
-0.964229 0.658779 0
-0.788295 1.11375 0
-1.15716 0.0956553 0
-0.752738 0.568681 0
-1.5183 0.774413 0
-0.763315 1.5448 0
-0.958983 0.550526 0
-0.676475 0.540538 0
-0.930513 0.494572 0
-0.859619 0.395476 0
-1.31522 1.0485 0
-1.04334 1.44995 0
-0.620822 0.60759 0
-1.10139 1.12514 0
-0.595669 0.423329 0
-1.82656 1.29909 0
-0.843347 1.25382 0
-0.544994 0.313822 0
-0.118925 1.09424 0
-0.472523 0.818297 0
-0.59649 1.06762 0
-1.22978 0.312378 0
-0.266737 0.778374 0
-0.493396 0.39559 0
-1.27447 1.45961 0
-0.315368 0.95897 0
-0.89032 0.858072 0
-0.0509486 -0.0731733 0
-0.621641 0.309423 0
-0.88064 1.07933 0
-1.03751 1.23024 0
-1.07427 0.101842 0
-0.925725 0.906781 0
-0.905497 1.0626 0
-1.35536 0.199694 0
-0.301171 0.786361 0
-0.475539 0.5547 0
-0.924916 0.799042 0
-0.273422 0.99906 0
-1.03708 0.972904 0
-0.595227 0.725126 0
-0.5434 0.379291 0
-1.54787 1.25565 0
-1.27293 1.02936 0
-1.56612 0.885819 0
-0.111103 0.635833 0
-1.09542 0.0325219 0
-1.2566 -1.42754 1
-0.565218 -1.51907 1
-1.18731 -1.64074 1
-0.747432 -1.35794 1
-0.260137 -1.24038 1
-0.794603 -0.776097 1
-1.67703 -0.878994 1
-1.94357 -1.74915 1
-0.717658 -0.956961 1
-1.49927 -1.29465 1
-1.18141 -0.821396 1
-0.528094 -1.24873 1
-0.616561 -1.17218 1
-0.440562 -1.14653 1
-0.634078 -1.92373 1
-0.658102 -1.34433 1
-1.24658 -1.2628 1
-1.13973 -1.04877 1
-0.312219 -1.19317 1
-1.29258 -0.128957 1
-0.865378 -1.13135 1
-0.77096 -0.0813946 1
-0.38071 -1.11592 1
-1.15744 -1.76066 1
-1.12875 -0.651255 1
-1.53526 -1.59631 1
-0.704486 -0.422834 1
-1.16539 -1.25046 1
-1.04789 -1.31011 1
-1.57769 0.376254 1
-1.26004 -1.65795 1
-1.40313 -0.936605 1
-1.18649 -0.806565 1
-1.21947 -0.767482 1
-0.975881 -1.15135 1
-0.976314 -0.83628 1
-0.676498 -1.04818 1
-0.639836 -0.737317 1
-0.898823 -0.0678724 1
-0.250939 -0.828406 1
-0.843447 -1.76696 1
-1.75941 -1.05677 1
-2.24304 -0.741204 1
-0.319017 -1.12341 1
-0.724437 -1.35314 1
-0.641263 -0.847658 1
-1.01237 -1.11779 1
-0.592041 -1.11326 1
-0.775208 -0.914693 1
-1.2781 -1.60088 1
-0.905359 -1.16547 1
-0.784968 -0.76846 1
-1.07763 -0.561597 1
-1.27719 -1.19285 1
-0.610101 -1.12908 1
-1.2961 -1.16136 1
-1.75049 -0.428403 1
-1.02215 -1.43704 1
-0.881392 -1.03784 1
-0.552791 -1.01 1
-0.914003 -0.951725 1
-1.32156 -1.19203 1
-0.639933 -0.864037 1
-0.700414 -1.00241 1
-1.33973 -0.582078 1
-0.995192 -0.85862 1
-0.344356 -1.45499 1
-0.60261 -0.96808 1
-1.56007 -0.542415 1
-1.34653 -1.11893 1
-0.727182 -0.803903 1
-0.498075 -1.03539 1
-0.795384 -0.901478 1
-1.28254 -0.782419 1
-1.61966 -1.44061 1
-1.33694 -0.548235 1
-1.41819 -1.09018 1
-1.56863 -1.39954 1
-1.78771 -1.1074 1
-0.839818 -1.08671 1
-1.15413 -2.03162 1
-1.46507 -1.80922 1
-1.35118 -0.393791 1
-1.12736 -1.31541 1
-0.910056 -0.870892 1
-0.880193 -1.70787 1
-1.37437 -0.417293 1
-0.582546 -0.803102 1
-0.663819 -1.14914 1
-0.971536 -1.2454 1
-0.61996 -0.557063 1
-1.26161 -1.75026 1
-0.427234 -0.655706 1
-1.1803 -0.838104 1
-1.89058 -1.11856 1
-1.04122 -1.13851 1
-0.180985 -1.06645 1
-0.817992 -1.25039 1
-0.701964 -1.54642 1
-1.01023 -1.23259 1
-0.979034 -1.5495 1
-1.47285 -1.06037 1
-1.07729 -1.40658 1
-1.53016 -0.729038 1
-0.91122 -0.891359 1
-1.36824 -0.360905 1
-1.15303 -1.45575 1
-1.74357 -0.809744 1
-1.70201 -1.29533 1
-0.921686 -1.35559 1
-0.986756 -0.964823 1
-1.19571 -1.24569 1
-1.0478 -0.906569 1
-1.79312 -1.18962 1
-1.49142 -1.26555 1
-0.775416 -0.90794 1
-1.6786 -1.41143 1
-1.10175 -0.769839 1
-0.557206 -0.494781 1
-1.13845 -1.09532 1
-1.65245 -1.66091 1
-0.493016 -1.08709 1
-0.878986 -1.52055 1
-0.607734 -1.15277 1
-0.952052 -1.32291 1
-1.03083 -1.34231 1
-0.568439 -1.16818 1
-0.348711 -1.47462 1
-0.506352 -1.18508 1
-0.780982 -0.531785 1
-1.44749 -1.2749 1
-1.09716 -0.771769 1
-1.49417 -0.812226 1
-1.24461 -0.427307 1
-1.30072 -1.12434 1
-1.06033 -0.949206 1
-1.13048 -0.296714 1
-1.55356 -1.15558 1
-1.31032 -0.514113 1
-1.34376 -0.961623 1
-0.914438 -0.774925 1
-1.46161 -0.914006 1
-0.797517 -1.08387 1
-0.72765 -1.02825 1
-0.431867 -1.23113 1
-0.251745 -0.362575 1
-0.244654 -0.836165 1
-1.52512 -1.55407 1
-0.762503 -0.899435 1
-2.0203 -1.56264 1
-0.675905 -1.48827 1
-0.636441 -1.3789 1
-1.17044 -1.08196 1
-1.02144 -0.867928 1
-0.917693 -1.23681 1
-1.11295 -1.78576 1
-1.64141 -1.79573 1
-1.54184 -0.782227 1
-1.72204 -0.922007 1
-1.14474 -0.598909 1
-0.650557 -1.72247 1
-0.8582 -0.821906 1
-1.49967 -0.812759 1
-1.75369 -0.70319 1
-0.914886 -0.190761 1
-0.366808 -1.20049 1
-1.22383 -0.99522 1
-1.13745 -1.09433 1
-0.924296 -0.545138 1
-0.571846 -0.844335 1
-0.735923 -1.29015 1
-0.566646 -1.32911 1
-0.817482 -1.49403 1
-0.776138 -1.05911 1
-1.32551 -1.27482 1
-1.05822 -1.09171 1
-0.468275 -1.05432 1
-0.811685 -1.07144 1
-1.08032 -0.445154 1
-1.42407 -0.965843 1
-0.188962 -0.725234 1
-1.04806 -0.315153 1
-0.265572 -1.44182 1
-1.37181 -0.835215 1
-1.80465 -1.38332 1
-0.76994 -1.63119 1
-1.1226 -1.16969 1
-1.14448 -1.3377 1
-1.01489 -1.21356 1
-0.272504 -1.65806 1
-0.544957 -1.1703 1
-0.990866 -0.692352 1
-0.745885 -1.08056 1
-0.696717 -1.07427 1
-0.679452 -0.698638 1
-1.22626 -1.0523 1
-0.877272 -1.14322 1
-0.741955 -0.488034 1
-0.469587 -1.19654 1
-0.588124 -1.13902 1
-0.520097 -1.23194 1
-0.980521 -1.45978 1
-1.53897 -1.15088 1
-1.45751 -1.23762 1
-0.542502 -1.31214 1
-1.54611 -0.616679 1
-0.552409 -0.201172 1
-1.85703 -0.994222 1
-1.02221 -0.462541 1
-0.776216 -1.28044 1
-0.951373 -1.34151 1
-0.543196 -0.893497 1
-1.56284 -0.840718 1
-0.90189 -1.09341 1
-1.01111 -0.297079 1
-0.744594 -0.386134 1
-0.000934082 -1.1535 1
-1.33066 -0.918961 1
-0.339254 -0.704265 1
-1.51871 -0.623347 1
-0.279927 -1.30646 1
-1.52735 -0.859473 1
-0.354547 -1.60853 1
-0.501843 -1.68418 1
-0.919514 -1.18615 1
-1.07937 -1.60194 1
-1.56038 -0.90256 1
-1.18132 -0.342286 1
-1.63042 -0.820636 1
-0.622613 -0.0451644 1
-1.18174 -0.443706 1
-0.953057 -1.03413 1
-0.582563 -1.45156 1
-1.01474 -0.312636 1
-1.53305 -0.718239 1
-0.485696 -0.913163 1
-1.32181 -0.722997 1
-0.436848 -0.885487 1
-1.08583 -0.0736252 1
-1.31836 -1.14082 1
-1.02429 -1.12822 1
-0.969498 -0.379657 1
-1.84921 -0.751532 1
-1.36155 -1.13294 1
0.142008 -1.13473 1
-2.0593 -1.61461 1
-0.878439 0.175231 1
-1.19176 -0.499185 1
-1.27775 -0.81249 1
-1.65515 -1.25394 1
-0.3383 -0.57332 1
-0.918958 -1.09777 1
-0.983653 -0.891903 1
-0.38685 -0.799879 1
-1.11958 -0.746341 1
-0.933946 -1.05541 1
-0.639592 -0.93862 1
-1.91383 -0.856129 1
-1.31111 -1.17413 1
-1.81048 -1.01274 1
-0.78217 -0.61889 1
-0.670726 -0.856452 1
-0.582076 -0.787415 1
-1.18179 -0.453532 1
-0.965216 -1.35398 1
0.12029 -0.861359 1
-0.670952 -0.494763 1
-0.726865 -1.61086 1
-1.09835 -0.296538 1
-1.15678 -1.51455 1
-0.691297 -1.00549 1
-0.946471 -0.884503 1
-0.92833 -1.10692 1
-1.35864 -1.11053 1
-1.08034 -1.76543 1
-0.908672 -1.62414 1
-0.785853 -1.25701 1
-1.29759 -0.805161 1
-0.613215 -1.96361 1
-1.40796 -0.85332 1
-1.12932 -0.939422 1
-0.452684 -0.95438 1
-0.766039 -1.96348 1
-0.328173 -1.33479 1
-0.849681 -0.856676 1
-1.44719 -0.515278 1
-1.20909 -0.946424 1
-0.865048 -1.11862 1
-1.17143 -0.486746 1
-2.08519 -1.17112 1
-1.34382 -1.08597 1
-1.39664 -1.20412 1
-1.14985 -1.64242 1
-0.703108 -0.747785 1
-0.847841 -0.925645 1
-0.603927 -1.03332 1
-1.12483 -0.817588 1
-1.48515 -1.74218 1
-1.22858 -1.1832 1
-1.19612 -0.819147 1
-1.4532 -0.64507 1
-1.00327 -1.68946 1
-0.965077 -0.366177 1
-0.646054 -1.44822 1
-1.36468 -0.74227 1
-0.996949 -1.26065 1
-0.201753 -2.03755 1
-0.696541 -0.905031 1
-1.06439 -0.885314 1
-1.57254 -0.603352 1
-0.0581313 -1.18134 1
-1.7178 -1.12444 1
-1.53118 -0.396887 1
-1.20169 -0.922648 1
-2.02542 -0.940578 1
-0.678835 -1.24686 1
-1.62001 -1.39828 1
-1.28614 -1.02414 1
-1.38183 -0.821364 1
-1.10731 -0.626915 1
-1.16621 -0.819201 1
-1.20424 -1.14904 1
-0.948217 -0.929177 1
-1.21912 -1.47961 1
-0.530869 -1.05001 1
-1.17422 -1.05146 1
-1.43601 -0.862997 1
-1.19464 -1.16001 1
-0.775504 -0.841859 1
-0.977627 -0.805376 1
-1.00926 -1.02426 1
-1.06488 -0.644088 1
-1.21076 -0.837215 1
-0.745027 -0.961167 1
-1.01404 -0.45421 1
-1.33561 -0.775494 1
-1.03658 -1.35195 1
-1.502 -0.982365 1
-0.742055 -0.646504 1
-0.600991 -0.774118 1
-1.50262 -0.724272 1
-0.366701 -0.831137 1
-1.22554 -1.07506 1
-0.864286 -0.82574 1
-1.49097 -1.57832 1
-1.21675 -1.14087 1
-0.428207 -0.398131 1
-0.831022 -0.77724 1
-0.98695 -1.59298 1
-0.736339 -0.838242 1
-0.6095 -1.16172 1
-0.6917 -1.69028 1
-1.01559 -1.14303 1
-0.550125 -0.914584 1
-0.73897 -0.876192 1
-0.219378 -1.65428 1
-0.539069 -0.682811 1
-0.668581 -1.21137 1
-1.79894 -0.966396 1
-1.16133 -0.438474 1
-1.47076 -0.953091 1
-0.918002 -0.644327 1
-0.974894 -0.44536 1
-0.876459 -0.964696 1
-1.45773 -1.766 1
-0.374302 -0.574646 1
-0.969778 -0.995547 1
-1.77276 -1.24994 1
-1.41021 -0.463732 1
-1.60582 -0.686324 1
-1.40036 -0.870595 1
-1.3978 -0.482562 1
-1.08154 -1.30174 1
-1.42168 -1.18468 1
-1.34554 0.126873 1
-1.28171 -1.9347 1
-1.18685 -1.49232 1
-0.751032 -0.998217 1
-0.854488 -1.24715 1
-1.19491 -1.65782 1
-0.915089 0.316739 1
-1.47942 -1.65526 1
-0.291328 -1.59903 1
-0.329754 -1.22579 1
-1.47202 -1.16914 1
-0.302002 -1.43647 1
-1.26031 -0.855532 1
-0.770368 -0.991219 1
-1.05883 -1.68119 1
-0.71398 -1.0203 1
-0.510157 -0.761338 1
-1.55532 -0.679869 1
-1.14194 -1.38602 1
-1.55895 -1.58968 1
-1.0279 -0.33127 1
-0.77671 -1.26232 1
-1.6322 -1.30925 1
-0.522389 -0.733093 1
-0.946077 -0.748953 1
-1.51354 -0.944152 1
-0.965361 -0.462032 1
-0.825409 -0.652781 1
-1.63081 -1.16246 1
-0.739085 -0.900359 1
-0.637443 -1.1347 1
-0.841682 -0.43894 1
-1.33722 -0.513331 1
-0.615322 -1.48881 1
-0.758652 -1.01255 1
-1.08063 -0.543261 1
-1.06667 -1.20451 1
-0.787564 -0.385605 1
-0.458202 -0.866102 1
-1.53949 -1.61678 1
-1.22334 -1.157 1
-0.850718 -1.34805 1
-0.500967 -0.979465 1
-0.996727 -1.06084 1
-0.661992 -0.910696 1
-0.513939 -0.795039 1
-1.26404 -0.792431 1
-1.22002 -1.04415 1
-1.56332 -1.14731 1
-1.72117 -0.718823 1
-0.783895 -0.600045 1
-0.839131 -0.687296 1
-0.6046 -1.05168 1
-0.838259 -0.745105 1
-0.77677 -1.83397 1
-1.19093 -1.02083 1
-0.615927 -1.38733 1
-0.905153 -1.01935 1
-1.34431 -1.1745 1
-1.17714 -0.946467 1
-1.2033 -1.56585 1
-1.06745 -1.49036 1
-1.22344 -0.28865 1
-0.829207 -0.887863 1
-1.47559 -1.03466 1
-0.865832 -0.589256 1
-1.4582 -0.730374 1
-1.06132 -0.17292 1
-1.45399 -0.37258 1
-1.74166 -0.962992 1
-1.06269 -0.967305 1
-0.857463 -1.16658 1
-0.541663 -0.140678 1
-1.06913 -0.181462 1
-1.84417 -1.56072 1
-0.902415 -1.57623 1
-0.284137 -0.529389 1
-1.42345 -1.38024 1
-0.76802 -0.13794 1
-1.06489 -0.837875 1
-1.38851 -1.01824 1
-1.36534 -0.50365 1
-1.26759 -0.806437 1
-1.02273 -1.77024 1
-0.931319 -0.113566 1
-0.971923 -0.779216 1
-1.62343 -1.94891 1
-0.429491 -1.11517 1
-1.07962 -1.62485 1
-1.11561 -0.700178 1
-1.25481 -0.972033 1
-0.96023 -1.33088 1
-1.41278 -0.422606 1
-1.41469 -1.48058 1
-1.49843 -0.751518 1
-1.06639 -1.64363 1
-0.39213 -1.29277 1
-1.39287 -1.1011 1
-1.45709 -1.38828 1
-0.584525 -1.06747 1
-0.420435 -1.09291 1
-0.871364 -0.941806 1
-0.459386 -0.694669 1
-1.36724 -0.172566 1
-0.702664 -1.19179 1
-1.07741 -0.854033 1
-0.464062 -0.986887 1
-1.71037 -1.26246 1
-1.25917 -0.691303 1
-1.10704 -1.405 1
-1.06481 -1.06725 1
-0.854315 -0.823223 1
-0.566303 -1.42388 1
-1.03973 -0.936794 1
-1.52526 -0.434754 1
-0.851396 -0.627996 1
-1.09323 -1.32824 1
-0.469856 -1.10641 1
-1.71798 -0.942715 1
-0.487847 -1.18318 1
-1.69967 -0.699512 1
-0.355594 -0.371783 1
-1.48879 -0.449627 1
-1.04836 -1.46764 1
-0.673411 -1.81286 1
-0.355028 -0.467419 1
1.48995 -1.87917 0
0.868108 -1.24508 0
0.815437 -0.857036 0
1.45524 -1.71665 0
0.0995126 -0.663522 0
1.52634 -1.01533 0
0.693089 -1.6785 0
0.59284 -1.69897 0
1.01451 -0.813689 0
0.689699 -1.98922 0
1.18735 -1.95699 0
1.0839 -2.04507 0
1.7591 -1.08232 0
1.38808 -1.55032 0
0.85562 -1.47352 0
1.19729 -1.32212 0
0.755777 -1.47587 0
0.606106 -1.00548 0
0.398904 -0.758005 0
0.685472 -1.34169 0
0.671703 -0.972181 0
1.20723 -1.0665 0
0.755001 -0.875161 0
1.19216 -1.33532 0
0.4275 -1.86785 0
0.459544 -0.998461 0
1.47183 -1.23384 0
1.4338 -1.39514 0
1.17901 -1.36707 0
0.959938 -1.82076 0
1.65864 -1.72769 0
0.649328 -0.970049 0
0.666498 -1.38843 0
1.60364 -1.39254 0
0.629717 -1.31972 0
0.735998 -0.818323 0
0.688139 -1.00875 0
0.404699 -1.59907 0
0.762124 -1.37528 0
0.602086 -1.23011 0
1.28018 -1.5135 0
1.12987 -1.29393 0
0.741769 -1.29411 0
0.819797 -2.25069 0
0.423507 -1.50251 0
1.75199 -1.73184 0
1.32554 -1.31893 0
0.490064 -1.1265 0
0.818363 -0.956608 0
1.42227 -1.34318 0
0.63395 -1.53487 0
0.413179 -1.1104 0
1.27919 -1.19523 0
0.657811 -1.32848 0
0.911766 -1.49224 0
0.859808 -0.55723 0
0.278986 -0.844602 0
0.22131 -0.615423 0
0.972576 -0.628751 0
1.20573 -1.65924 0
1.39177 -0.552127 0
1.00161 -0.757556 0
1.28464 -2.16745 0
0.310247 0.168333 0
1.66109 -1.46083 0
0.256889 -0.830128 0
0.818926 -1.08668 0
-0.29802 -0.62597 0
0.829835 -1.59956 0
1.37533 -1.35584 0
0.182422 -1.42075 0
1.40583 -1.69326 0
1.02487 -1.04899 0
1.5293 -1.29441 0
0.663558 -0.775955 0
1.68705 -1.26722 0
1.16149 -0.607092 0
0.876435 -1.58738 0
1.76814 -0.787014 0
1.14106 -1.59529 0
1.27507 -0.976846 0
1.80612 -0.457151 0
0.776732 -2.11486 0
1.23207 -1.86685 0
0.695628 -1.19769 0
0.62263 -1.9598 0
1.3606 -1.04009 0
0.0243374 -1.59553 0
1.02133 -1.29327 0
0.995391 -1.38723 0
0.716116 -1.14147 0
1.71578 -1.65257 0
1.09296 -1.03541 0
0.749335 -1.10896 0
1.88701 -1.34342 0
1.46839 -1.77473 0
0.848847 -1.84888 0
0.667057 -0.955147 0
0.84669 -1.60313 0
0.641064 -1.01867 0
0.659395 -0.531111 0
0.980422 -1.30316 0
1.57487 -0.820269 0
0.931494 -1.06196 0
1.22373 -1.73493 0
1.24951 -1.35178 0
0.346154 -1.11326 0
1.17376 -1.91801 0
0.562278 -0.881337 0
0.206632 -1.20742 0
1.76543 -1.41173 0
1.00172 -1.08855 0
0.880207 -1.01054 0
1.15985 -0.220444 0
1.136 -1.02014 0
0.507029 -1.21897 0
0.240378 -0.696516 0
1.41056 -2.0447 0
0.66427 -1.05859 0
0.904233 -1.68531 0
0.635925 -1.42511 0
1.42774 -1.9887 0
1.09243 -0.840477 0
0.583407 -1.87048 0
1.00613 -1.50175 0
1.25283 -1.00237 0
1.03917 -1.59855 0
0.429059 -1.33015 0
0.901569 -0.74706 0
0.665204 -1.06144 0
0.627318 -1.40997 0
2.29117 -1.23035 0
0.83907 -0.935777 0
0.66756 -1.32417 0
1.30791 -1.92858 0
1.02704 -1.32289 0
1.77801 -1.03138 0
0.78472 -1.49121 0
1.09254 -0.716612 0
0.737677 -0.933491 0
0.275404 -0.988851 0
0.876995 -1.79566 0
0.103779 -1.10228 0
1.08083 -1.29358 0
1.11141 -1.41788 0
0.645796 -1.51057 0
0.926176 -1.55932 0
1.28095 -1.46568 0
0.59812 -1.5637 0
0.832555 -2.15082 0
1.20091 -1.53583 0
1.38706 -0.488643 0
0.694789 -1.01249 0
0.902666 -0.958126 0
1.84384 -1.59343 0
1.40637 -1.48323 0
0.913848 -1.64777 0
1.00337 -1.75331 0
1.83176 -1.91558 0
0.625438 -0.845615 0
0.625767 -1.69908 0
0.536122 -1.69965 0
0.571317 -1.31532 0
1.28068 -1.09005 0
0.90543 -1.41913 0
0.415042 -1.10774 0
1.42529 -1.82511 0
0.405543 -0.993821 0
1.2125 -0.907265 0
0.689949 -1.05078 0
0.986743 -0.759529 0
0.726408 -0.910926 0
0.618189 -1.10355 0
0.60881 -1.4136 0
1.10818 -1.04317 0
1.00931 -0.519279 0
0.264432 -1.21706 0
1.18375 -1.42172 0
-0.163031 -1.95555 0
0.488741 -1.64876 0
0.843104 -1.94684 0
0.312126 -1.47721 0
0.617446 -1.55664 0
1.08686 -1.57374 0
0.822336 -1.45932 0
0.960373 -1.76301 0
0.717355 -1.90249 0
0.575262 -1.36624 0
0.326743 -1.60641 0
1.11364 -0.711062 0
1.2523 -1.3854 0
0.200898 -1.315 0
0.551242 -1.81292 0
0.666053 -0.629562 0
0.661085 -0.802491 0
0.616461 -1.06193 0
0.968757 -1.31377 0
1.12047 -0.161238 0
0.577091 -0.88924 0
0.721528 -1.84846 0
1.11729 -1.0108 0
1.41174 -1.11891 0
0.970286 -1.82937 0
1.37937 -0.811013 0
1.38774 -0.983555 0
1.47442 -1.349 0
0.770097 -1.28017 0
0.285684 -1.43458 0
0.933503 -1.43958 0
1.29825 -1.37266 0
1.07602 -1.95666 0
0.741121 -1.82091 0
1.09667 -1.0393 0
0.297293 -0.977775 0
0.941278 -0.387696 0
0.31947 -2.09964 0
1.28747 -1.60251 0
0.852901 -1.16506 0
1.51075 -2.28849 0
0.931486 -1.06851 0
0.935041 -1.8594 0
1.18916 -1.41785 0
0.984803 -1.48922 0
0.727111 -1.35712 0
1.37651 -1.11607 0
0.677777 -1.16325 0
0.910126 -1.2596 0
0.998624 -1.06228 0
0.0567067 -1.33553 0
0.866899 -1.41325 0
0.85693 -1.17087 0
1.11752 -1.54608 0
0.705212 -1.55928 0
1.01956 -1.73015 0
1.6491 -1.12685 0
0.145859 -0.0105217 0
0.653153 -0.962494 0
0.78328 -1.92747 0
1.4635 -0.879009 0
1.09162 -0.852705 0
0.947578 -0.847503 0
0.809112 -0.921207 0
1.18384 -1.11064 0
0.292603 -0.966105 0
0.857439 -1.64657 0
0.834298 -1.13113 0
0.544054 -0.666379 0
2.19311 -1.24011 0
0.751551 -1.49674 0
0.702724 -1.10499 0
0.307817 -1.23504 0
0.652021 -1.17273 0
1.01257 -0.983095 0
1.04229 -1.22309 0
0.743971 -1.81656 0
1.60531 -1.60351 0
0.724857 -0.696632 0
0.564753 -1.07868 0
0.893024 -1.32817 0
0.84762 -1.181 0
0.439771 -0.782676 0
-0.206517 -0.989748 0
1.21884 -0.562855 0
0.81665 -1.51172 0
1.01414 -0.829721 0
1.29288 -1.51107 0
0.984436 -0.921948 0
0.932344 -1.70995 0
1.10063 -1.8098 0
1.1138 -0.899168 0
1.046 -1.22247 0
1.34717 -0.696982 0
1.54345 -0.980284 0
0.362303 -0.731601 0
0.963401 -1.79526 0
0.969897 -0.818634 0
1.63167 -1.28223 0
0.808206 -1.55527 0
1.9928 -0.821442 0
1.83292 -1.24745 0
0.624794 -1.18092 0
0.266578 -1.37496 0
1.37925 -0.867814 0
0.622785 -1.36357 0
1.15875 -0.886725 0
1.48212 -0.875313 0
1.28164 -1.47438 0
1.1159 -0.998905 0
1.36132 -1.40917 0
0.736524 -1.2468 0
1.26668 -1.43641 0
1.26347 -0.836971 0
0.553646 -1.3503 0
0.380178 -1.29668 0
-0.0811578 -1.36707 0
0.780847 -1.68844 0
0.721279 -1.1378 0
1.30174 -1.16481 0
0.536112 -1.30802 0
1.04301 -1.79222 0
0.190968 -0.897124 0
0.98152 -1.32988 0
0.625184 -0.936257 0
1.2209 -1.61732 0
0.878567 -1.68813 0
0.503345 -1.07529 0
0.189767 -1.4959 0
0.530229 -1.35209 0
1.00004 -1.57814 0
0.745319 -1.70408 0
1.0195 -2.02303 0
0.795268 -0.910273 0
0.703518 -1.60556 0
1.13117 -1.25756 0
1.30188 -0.308094 0
-0.0537187 -0.984374 0
0.490726 -1.15725 0
0.624607 -1.22839 0
0.892569 -1.14455 0
1.47416 -2.10157 0
0.887706 -1.0174 0
1.00576 -1.78226 0
0.90334 -1.19397 0
1.15747 -1.5066 0
0.776947 -0.377378 0
0.653435 -1.14765 0
0.829897 -1.08932 0
1.86809 -1.75308 0
1.03266 -1.36002 0
0.960491 -1.38431 0
0.596542 -1.34664 0
1.67397 -1.23034 0
0.814988 -1.11755 0
1.27015 -1.16226 0
0.136017 -1.43664 0
0.374016 -1.6711 0
0.565994 -1.92859 0
1.00338 -0.894817 0
1.31826 -1.137 0
0.479557 -1.37454 0
0.942693 -0.904915 0
1.68481 -1.35205 0
0.631419 -1.02233 0
1.28386 -2.79801 0
0.678947 -1.03309 0
0.919522 -1.17229 0
1.08313 -1.31285 0
0.143054 -0.890942 0
1.17611 -0.826422 0
1.55841 -1.60969 0
0.426977 -1.34701 0
0.460972 -1.53203 0
0.844685 -1.02045 0
1.19275 -1.60583 0
1.26641 -1.3806 0
0.33694 -0.885702 0
0.352261 -1.57049 0
1.17645 -1.3002 0
1.33081 -1.56003 0
1.3517 -1.62629 0
1.28296 -1.61199 0
1.06176 -1.21454 0
0.708711 -0.985041 0
0.629952 -0.947166 0
1.23796 -0.919664 0
1.56306 -1.04219 0
1.22404 -0.805994 0
0.493282 -0.872346 0
0.479093 -0.860086 0
1.46269 -1.68929 0
0.829861 -1.28514 0
1.53239 -2.27157 0
0.819054 -1.74501 0
0.569489 -1.73219 0
1.44755 -1.11203 0
1.6471 -1.00735 0
0.801297 -1.0029 0
0.908691 -0.634357 0
0.75829 -0.836659 0
0.844331 -1.44069 0
1.26221 -0.489133 0
1.00662 -1.07879 0
1.54642 -0.789134 0
1.18081 -1.44927 0
1.03544 -1.23203 0
1.12698 -1.47974 0
0.295329 -1.08513 0
0.797728 -0.757712 0
1.05385 -1.18134 0
0.856424 -0.885509 0
1.68695 -1.72188 0
0.984539 -1.46066 0
0.641287 -1.73394 0
0.947087 -0.973723 0
0.181353 -0.90742 0
1.40726 -0.946112 0
1.03094 -1.69085 0
0.97641 -1.30047 0
0.661774 -0.519674 0
0.505349 -1.12852 0
0.911585 -1.51378 0
1.38362 -1.54206 0
1.27683 -1.29608 0
0.719891 -0.900299 0
0.72326 -1.42464 0
0.922415 -1.4509 0
1.00606 -1.79743 0
0.747649 -0.957594 0
0.762643 -1.49415 0
1.1205 -1.0225 0
0.335847 -1.33625 0
1.28869 -1.14942 0
1.37277 -1.45485 0
1.30334 -1.57902 0
1.40667 -1.72599 0
0.748374 -1.72515 0
1.61913 -2.31881 0
1.64734 -1.92642 0
1.23151 -1.57953 0
0.550447 -0.858828 0
1.51215 -1.07779 0
1.46536 -1.82731 0
1.27199 -1.09389 0
0.457478 -1.77615 0
1.04749 -1.26993 0
1.15218 -1.36908 0
1.02463 -1.2567 0
0.692961 -0.185873 0
1.51579 -1.29584 0
0.473924 -1.44785 0
1.4048 -0.935513 0
0.858944 -1.98565 0
0.510159 -0.622603 0
1.17034 -1.14243 0
0.984267 -1.26807 0
0.666018 -1.44725 0
0.810203 -0.790104 0
0.44851 -1.53887 0
0.397129 -0.207615 0
1.98437 -0.698365 0
0.956569 -0.959566 0
0.579048 -1.13546 0
0.95215 -0.530147 0
0.89191 -1.28558 0
1.0079 -1.01006 0
0.808357 -1.38201 0
1.39282 -1.18764 0
1.31083 -1.11846 0
0.857613 -1.38615 0
0.823927 -0.85463 0
0.814059 -1.2856 0
1.19793 -0.919705 0
1.33385 -0.595365 0
0.698202 -0.755187 0
0.816962 -1.04789 0
0.324383 -2.14216 0
0.719704 -1.63787 0
0.238976 -1.72976 0
1.25163 -1.35031 0
1.23037 -1.83007 0
1.00273 -1.02108 0
1.31103 -1.34857 0
0.961179 -1.54446 0
1.40823 -0.774624 0
1.15348 -1.09348 0
0.898812 -1.28146 0
1.24008 -0.889112 0
1.34097 -1.52923 0
0.718227 -1.37975 0
0.789698 -1.33717 0
0.26778 -2.05492 0
0.712295 -1.48552 0
0.773979 -1.82511 0
0.76706 -1.25789 0
0.932286 -0.812861 0
-0.158426 -1.70546 0
1.27033 -1.13817 0
0.167624 -1.31979 0
1.393 -0.884376 0
0.715225 -1.4739 0
0.292615 -1.93469 0
0.909305 -1.37554 0
0.769744 -1.44855 0
0.928639 -1.17073 0
0.939873 -1.51507 0
0.813591 -1.73475 0
0.112264 -1.41947 0
0.684507 -1.96515 0
1.04872 -1.35316 0
0.803613 -1.86112 0
1.30869 -1.40336 0
1.17701 -1.48774 0
0.101426 -2.30564 0
1.63238 -1.11468 0
1.25908 -1.59855 0
0.154851 -0.962463 0
0.468385 -1.41479 0
1.33166 -1.35057 0
1.48675 -0.974488 0
0.683769 -1.09244 0
-0.00273485 0.892882 1
0.543356 0.862858 1
0.0621399 0.19789 1
0.432307 0.900384 1
1.20974 1.33829 1
0.650555 0.351024 1
1.09082 0.596409 1
1.31169 0.714627 1
1.31725 0.704831 1
0.439629 1.1008 1
-0.29689 1.00615 1
1.3744 1.13291 1
0.592864 0.66513 1
0.768004 0.871624 1
1.39324 0.537001 1
0.960755 1.186 1
1.01644 1.00306 1
1.13954 0.684026 1
1.04951 0.620942 1
0.140018 0.861663 1
1.0844 0.138399 1
1.07418 0.911449 1
0.783087 1.1935 1
-0.268102 0.754321 1
0.400674 0.882921 1
1.43182 0.984547 1
0.531518 0.945254 1
1.06486 0.310024 1
0.97546 0.816255 1
1.18023 1.00114 1
1.37483 0.335917 1
0.98817 1.14697 1
0.246158 0.449458 1
0.490574 0.923515 1
0.335329 0.15316 1
1.07595 0.549836 1
0.35243 1.09845 1
0.917995 1.64502 1
0.202631 1.01207 1
1.08254 1.19732 1
0.994824 1.33241 1
0.90235 0.91612 1
0.844666 1.66963 1
0.595863 0.88568 1
0.16784 1.05055 1
0.938489 0.675979 1
0.813446 1.51378 1
0.318385 1.18602 1
0.874492 1.25784 1
1.35205 1.14062 1
0.970159 1.00374 1
1.13504 1.34721 1
0.0121132 0.786037 1
1.16797 1.11585 1
0.711025 0.43158 1
0.331183 1.10535 1
1.20053 1.31757 1
0.110295 0.835624 1
0.472455 1.02133 1
1.30685 0.890526 1
1.68667 0.977074 1
0.691918 1.15621 1
0.535625 0.809547 1
0.812477 0.759804 1
0.592551 0.792881 1
0.323017 0.86046 1
0.809879 0.853654 1
0.850128 -0.175438 1
1.0202 0.65725 1
1.12496 0.467118 1
0.717595 0.550098 1
0.282273 1.16976 1
1.21842 0.585459 1
1.2175 1.06351 1
0.640053 -0.10372 1
1.18091 1.14412 1
0.186734 0.358757 1
0.964558 0.774906 1
1.10371 0.25034 1
1.02592 1.22515 1
0.783302 0.924661 1
1.32788 1.62267 1
1.17413 0.45424 1
0.557317 0.515674 1
0.494723 1.10999 1
0.978778 0.170833 1
1.02139 0.604862 1
0.908789 1.18016 1
0.658045 0.720863 1
1.03121 0.442498 1
0.999719 0.666276 1
0.444521 0.963948 1
0.204885 0.485281 1
0.555239 0.528416 1
0.834083 0.859241 1
1.51125 0.102549 1
0.619359 1.11298 1
0.443215 1.14629 1
0.27906 1.09071 1
1.12177 1.09487 1
0.683367 0.490742 1
0.440883 1.25098 1
1.02369 -0.236645 1
0.654503 1.23071 1
0.390406 1.50351 1
1.53249 1.05454 1
1.1182 0.492496 1
0.655973 0.278869 1
0.487637 0.431944 1
0.978487 0.982508 1
1.49545 1.2326 1
1.29335 1.16481 1
0.694544 0.358652 1
0.986989 0.613116 1
1.17878 0.949857 1
0.725249 0.967404 1
1.28286 0.421769 1
0.877197 1.24527 1
1.16795 1.04887 1
0.8699 1.33326 1
0.494134 1.38606 1
0.85975 1.80006 1
1.56141 1.19629 1
0.768408 0.959272 1
1.32421 0.435408 1
0.820355 0.310115 1
1.27166 0.344306 1
0.685904 0.74819 1
0.980879 0.996869 1
0.906645 0.324704 1
1.3695 0.77939 1
0.439289 0.61093 1
1.21356 0.707706 1
0.461398 0.991671 1
0.824515 1.46426 1
0.758997 0.173771 1
1.59987 0.801078 1
1.39295 0.756663 1
0.461619 1.40261 1
0.950976 0.751186 1
0.488791 0.503288 1
0.0775809 1.52011 1
0.789961 0.755581 1
1.27105 0.810361 1
0.426932 0.935005 1
0.236047 1.09736 1
0.534144 0.42235 1
1.49579 1.0729 1
1.26 0.944738 1
0.740862 0.782555 1
1.09721 1.14083 1
1.37773 1.01341 1
0.420305 1.13291 1
0.947268 0.946063 1
0.991584 0.320827 1
0.769707 0.568408 1
0.965344 0.779558 1
0.521193 0.657265 1
1.49299 0.751327 1
0.458615 0.429175 1
0.570629 0.835967 1
0.760771 0.51019 1
0.848869 0.165703 1
0.963237 0.758272 1
0.589707 0.696402 1
0.447897 0.847174 1
1.357 1.23382 1
0.740541 0.729789 1
0.749791 0.562112 1
0.514854 0.892291 1
0.545492 1.66919 1
0.453195 0.852217 1
0.86602 1.02171 1
0.871328 0.808831 1
1.31537 0.453273 1
0.970083 0.727388 1
0.802852 0.926685 1
1.29867 1.08613 1
0.229002 1.1295 1
1.43397 0.62494 1
0.99126 0.773906 1
0.77851 0.50502 1
0.79615 0.925618 1
0.493549 1.01364 1
0.085796 0.566855 1
0.510507 1.0871 1
0.607384 0.627295 1
1.32302 0.835733 1
0.782765 1.00019 1
0.428163 0.684643 1
1.2889 1.33535 1
0.882804 0.989504 1
0.51664 0.994232 1
0.385823 0.823615 1
0.476144 0.718613 1
0.592915 0.954276 1
1.25616 0.900429 1
0.192851 0.216251 1
0.221922 1.19368 1
1.90511 0.158843 1
0.309415 0.626001 1
0.930818 1.16097 1
1.3901 0.777702 1
0.624975 1.69437 1
0.704105 1.13291 1
0.157595 0.62914 1
0.736301 0.449909 1
0.80722 0.655322 1
1.25105 0.84268 1
0.446086 0.614237 1
0.616548 0.590638 1
0.586762 0.460524 1
0.515434 1.19603 1
0.996943 0.237818 1
0.41747 0.807283 1
0.637843 0.813725 1
0.735116 1.14188 1
0.929697 0.99065 1
0.84885 0.947445 1
0.272668 1.23634 1
0.711545 0.755239 1
1.39235 1.2855 1
0.502806 0.0110133 1
0.806521 0.603232 1
0.90762 1.35201 1
1.25893 0.440266 1
1.09408 0.0452666 1
0.959314 0.489463 1
0.799203 1.45727 1
0.810574 0.225367 1
0.904221 0.369623 1
0.802631 1.00104 1
0.496774 1.00891 1
0.463161 0.638072 1
-0.100107 0.926877 1
0.657132 -0.420457 1
0.505442 0.491628 1
1.43333 0.582128 1
0.125153 0.680508 1
0.487032 1.61292 1
0.585456 0.618684 1
0.429345 0.930243 1
1.2889 0.658316 1
1.3587 0.391039 1
0.805648 0.705183 1
0.746191 1.293 1
0.353457 0.589793 1
0.0894291 0.343935 1
0.852533 0.791272 1
0.383619 0.637837 1
-0.0084795 0.750588 1
1.3866 1.4072 1
0.833585 0.292476 1
0.906925 0.635258 1
0.247448 0.922852 1
1.48725 1.5563 1
0.378252 1.13043 1
1.58476 0.797446 1
1.54492 1.52046 1
0.680837 1.71741 1
0.796203 0.554804 1
0.214959 1.61184 1
0.547239 0.535234 1
1.19107 0.811574 1
0.848221 -0.192759 1
1.02187 -0.236069 1
0.526921 1.3548 1
0.291652 0.972759 1
0.591267 1.31062 1
1.15458 0.576262 1
0.652721 1.57764 1
0.618878 0.975828 1
0.823322 0.198459 1
1.51618 0.794555 1
0.76803 0.371181 1
1.30231 1.41606 1
-0.118892 0.964984 1
1.32265 0.977776 1
0.991951 0.524705 1
0.0683851 0.30428 1
1.05448 0.240995 1
0.0985484 0.694281 1
0.835633 1.09661 1
0.531698 0.900154 1
0.827532 1.09179 1
0.841827 0.799372 1
0.752996 0.595247 1
1.20906 0.748031 1
1.03835 1.17347 1
1.03846 1.1233 1
0.594371 0.782694 1
0.582694 0.340337 1
0.043371 1.05172 1
0.701202 1.18724 1
1.00278 1.23453 1
0.567406 1.88442 1
1.31946 0.941602 1
0.967671 0.895941 1
1.06071 0.946835 1
1.23415 0.939249 1
0.667122 0.856288 1
1.05327 0.59683 1
0.555897 0.583634 1
0.327642 0.889905 1
0.727896 1.10017 1
0.54066 0.641825 1
1.3322 0.587774 1
0.309862 0.583962 1
1.44653 0.94634 1
0.677644 1.01319 1
1.04339 0.533429 1
0.563686 0.610515 1
0.775778 0.740725 1
1.11549 0.728675 1
0.890055 1.20475 1
0.0680975 0.940144 1
0.968377 0.969024 1
0.971673 0.794946 1
0.132378 0.464049 1
1.09639 1.05814 1
0.469294 1.11483 1
1.01671 1.50913 1
1.05743 0.577572 1
0.46402 0.617874 1
1.17101 0.931019 1
1.21351 1.148 1
0.155683 1.02686 1
0.928548 0.252501 1
0.670561 0.696975 1
0.716927 0.887678 1
1.23309 0.92762 1
1.08323 1.24087 1
1.00107 1.01381 1
0.379606 0.72236 1
0.884111 0.399636 1
1.32288 0.580451 1
0.361492 0.856341 1
1.39792 0.482189 1
0.706398 -0.112665 1
0.0428525 0.667132 1
0.769755 0.589365 1
0.733776 0.744992 1
0.738609 1.01424 1
0.845205 0.219932 1
0.272315 0.581402 1
0.200222 0.95704 1
0.650534 -0.104753 1
1.00207 0.638225 1
1.06584 0.879898 1
0.718023 1.39257 1
0.345823 0.881061 1
0.733731 0.662367 1
0.0384385 0.800786 1
0.615211 0.685936 1
0.729215 0.339105 1
1.35662 1.12533 1
0.729871 0.606954 1
0.686013 0.82425 1
0.0542027 0.349206 1
0.877871 1.41652 1
1.0808 0.601375 1
0.567649 0.734984 1
0.231401 1.04018 1
0.759392 0.0588959 1
0.75875 0.142271 1
1.08509 0.980577 1
0.253674 0.634587 1
0.109297 1.53566 1
0.441632 0.420697 1
1.14691 1.55159 1
0.309538 1.35525 1
0.919353 0.588979 1
1.22979 1.62437 1
1.01963 0.572822 1
0.862301 1.11173 1
0.632985 0.913373 1
0.80376 0.671821 1
0.943226 -0.167184 1
0.998284 0.659482 1
0.740073 0.892005 1
1.19479 0.272983 1
0.608685 0.891088 1
1.87474 0.690842 1
0.300903 1.52827 1
1.1723 0.94375 1
0.649632 0.515034 1
0.349196 0.355166 1
1.59479 0.578248 1
0.672851 1.42858 1
1.11164 0.862516 1
0.960234 1.38716 1
0.732234 0.772102 1
0.0884242 1.20539 1
0.866242 0.916511 1
0.365017 0.451692 1
0.946034 1.01815 1
0.599327 0.892942 1
1.19483 0.791098 1
0.664064 1.25833 1
0.936206 1.19759 1
0.739262 0.610261 1
0.571551 0.872849 1
1.11133 0.20129 1
1.40678 1.04273 1
0.852149 -0.167867 1
0.540549 1.001 1
-0.115541 0.751305 1
0.88401 0.873549 1
1.68246 0.802944 1
1.10495 1.03999 1
0.936388 0.582654 1
1.00638 1.15942 1
1.19365 1.00974 1
-0.0385051 0.324015 1
0.963443 0.401912 1
0.915479 0.248531 1
0.808748 0.757423 1
0.1592 1.73799 1
0.423449 0.30022 1
0.662062 1.00162 1
0.930524 1.55326 1
0.719486 1.26995 1
0.606818 0.567385 1
0.539857 0.99414 1
0.318951 1.16249 1
0.781026 0.672122 1
0.918949 0.61508 1
0.549489 0.257613 1
0.501476 0.260027 1
1.15487 0.517756 1
1.58486 0.84525 1
0.668069 1.18648 1
1.62529 0.223803 1
0.916651 0.931597 1
0.203415 0.356529 1
1.49439 0.274221 1
0.211896 0.126392 1
1.47218 0.990849 1
0.418111 -0.150785 1
0.816155 0.689336 1
1.00156 0.783479 1
1.07465 0.9133 1
0.778191 1.6538 1
0.513733 0.94054 1
0.870878 0.545605 1
0.858823 0.362759 1
0.694643 0.935042 1
0.753518 0.601309 1
1.61616 0.459389 1
0.633496 0.540696 1
1.28715 0.864245 1
1.51713 0.63527 1
1.23564 1.07376 1
1.39019 0.652742 1
0.736678 0.107097 1
0.632686 0.25821 1
0.601332 0.860187 1
0.511957 0.301088 1
1.10993 0.216111 1
1.40958 0.744746 1
0.552248 0.446777 1
1.12234 0.0899626 1
0.814789 0.82438 1
0.833589 0.734686 1
0.642736 0.596322 1
0.764646 0.855285 1
0.840964 1.37533 1
0.7146 0.952744 1
1.13947 0.355261 1
0.24133 0.439116 1
0.908878 0.550529 1
1.13568 1.65441 1
1.14037 0.834261 1
0.648954 0.85067 1
1.31446 0.607176 1
0.549227 1.14589 1
1.40429 0.424359 1
0.862008 1.68583 1
1.22593 0.562897 1
1.05076 1.21098 1
0.716531 0.942993 1
0.661836 0.737173 1
0.655853 1.08972 1
1.14237 0.863143 1
0.623106 0.978693 1
1.22061 0.455554 1
1.40429 1.51951 1
0.743938 1.51937 1
0.6643 0.931254 1
0.855494 0.612768 1
0.792933 0.65737 1
0.27913 0.273677 1
0.718535 0.234312 1
0.553645 1.00115 1
0.373655 0.930599 1
0.749154 1.01794 1
0.57206 0.926094 1
0.854908 0.480195 1
1.46377 1.08131 1
0.141845 1.44415 1
