0.544764 1.1508 0
0.19002 0.573384 0
2.26583 0.791971 0
0.442193 1.58438 0
1.82557 1.50406 0
1.36746 1.48112 0
0.996756 1.23505 0
0.311 0.519598 0
0.961739 -0.536303 0
1.30471 0.445244 0
0.33813 0.361908 0
1.6527 0.0176333 0
1.4328 0.140046 0
0.854883 0.990159 0
0.938723 1.45624 0
0.711627 1.29827 0
0.543244 0.265465 0
1.397 0.201238 0
1.74356 -0.235522 0
-0.238937 -0.878671 0
0.347418 0.0581802 0
1.231 0.40949 0
1.1032 0.148243 0
0.00888807 1.11986 0
1.40293 0.0229039 0
1.23731 0.265806 0
0.860416 0.500623 0
0.525563 1.29048 0
1.16121 1.41227 0
0.803356 0.676277 0
1.16007 0.130785 0
0.797014 0.597803 0
2.20662 1.23764 0
0.179349 0.756051 0
1.44709 0.355648 0
0.553352 0.253324 0
-0.636808 0.313239 0
1.95846 0.279989 0
0.499694 0.790065 0
1.1833 0.549435 0
1.48973 0.603985 0
1.51709 0.399875 0
0.519071 -0.942907 0
2.68066 1.10721 0
1.27382 1.26357 0
0.856785 2.10846 0
0.228639 0.756851 0
-0.253796 0.605493 0
-0.0913329 0.279934 0
1.43501 0.282495 0
0.357235 -0.162746 0
1.3233 0.771774 0
1.45269 1.55864 0
0.967909 0.691486 0
1.00215 0.811119 0
0.509462 -0.426738 0
0.089091 1.59476 0
0.676994 0.403877 0
0.726208 0.969048 0
1.64373 0.176786 0
1.05273 0.867553 0
1.34977 0.372198 0
1.16182 0.369944 0
1.14649 1.00442 0
2.45178 0.23556 0
1.60935 1.04373 0
1.53547 -0.0946479 0
0.926911 1.55425 0
0.460771 0.760615 0
0.167054 1.00788 0
1.19533 1.32713 0
2.37306 0.450643 0
0.612611 0.733075 0
1.54463 1.80963 0
1.748 0.806771 0
1.73096 0.153464 0
1.00638 1.19941 0
0.929325 1.01222 0
1.2394 0.843668 0
1.71465 0.3891 0
1.21736 0.95048 0
0.64206 1.16969 0
1.05112 -0.494074 0
-0.582731 0.021861 0
1.16449 0.773307 0
1.62136 0.0699325 0
0.266572 0.521495 0
0.802726 0.380176 0
0.759116 0.282156 0
0.440944 1.20209 0
0.0846699 1.02488 0
1.14362 0.69915 0
0.557575 0.0292245 0
1.11534 0.734965 0
1.35915 1.06864 0
1.10275 0.303244 0
1.29436 0.582932 0
1.61437 1.71913 0
0.660931 1.17344 0
1.80646 -0.284205 0
1.58069 1.99497 0
1.31373 1.14082 0
1.39952 1.33351 0
1.00123 -0.0106506 0
2.10666 0.594403 0
1.17878 1.34488 0
0.300076 0.783384 0
2.43819 -0.274646 0
0.189855 -0.287656 0
0.845986 0.578927 0
0.0115024 0.702859 0
1.41767 0.897178 0
1.79629 0.0270246 0
1.30786 0.599387 0
0.830518 0.457903 0
2.10955 0.824122 0
0.908593 0.0233421 0
0.14088 0.102477 0
0.844081 0.80169 0
0.615407 1.13505 0
1.28083 0.318087 0
0.0225781 0.521127 0
1.25206 1.00467 0
0.543084 1.13194 0
1.05082 1.20689 0
1.65691 0.491936 0
0.325137 0.921092 0
0.592927 0.341778 0
1.85074 1.63384 0
1.43357 -0.0692571 0
1.20973 0.837691 0
1.43156 0.276571 0
1.15579 0.980599 0
1.2097 0.852577 0
1.36626 0.515072 0
0.779162 1.02506 0
0.941309 0.235663 0
0.43589 1.54463 0
0.652354 0.662482 0
0.138118 0.14984 0
1.94285 0.631767 0
1.93856 0.159712 0
1.33035 -0.0533944 0
0.0452753 0.632309 0
-0.340086 1.66061 0
-1.19602 0.294823 0
0.439981 0.826142 0
0.912826 0.516744 0
1.67238 1.0185 0
0.868863 0.743416 0
1.908 2.21041 0
1.24024 0.239523 0
0.732875 0.435652 0
1.26575 1.66068 0
1.62897 1.07196 0
1.16277 0.558451 0
1.64841 1.64106 0
1.91382 1.1985 0
0.630489 1.47297 0
0.78626 0.529425 0
1.41369 0.642039 0
1.00467 1.39798 0
1.41088 -0.0625761 0
1.16071 0.4566 0
0.114554 1.97264 0
0.92274 0.250627 0
0.75665 0.0119601 0
1.79419 1.35217 0
1.13004 0.573867 0
0.916368 0.700025 0
0.129553 0.86849 0
-0.146323 0.621231 0
1.83989 0.638786 0
0.42122 0.849402 0
-0.138502 -0.0278805 0
0.598198 0.60709 0
0.356595 0.899308 0
1.03096 0.980824 0
1.19241 0.0509226 0
0.971759 0.425518 0
0.801342 0.251307 0
2.24107 0.788142 0
1.12184 0.0814789 0
1.50177 0.407678 0
1.22337 1.83405 0
2.56568 -0.198742 0
0.852566 0.926614 0
1.16218 0.369162 0
-0.00234735 0.808099 0
0.387011 0.28632 0
1.78859 1.00782 0
0.744796 1.24351 0
0.167472 0.731754 0
1.36779 1.20229 0
1.39568 1.65305 0
1.00077 1.14194 0
1.33165 0.832496 0
1.71187 -0.0139672 0
0.948546 0.524535 0
1.48517 0.000830412 0
0.783344 1.05837 0
1.45051 0.1053 0
1.31526 0.684535 0
1.01561 0.938602 0
1.73762 -0.716784 0
0.708658 1.60124 0
0.500051 -0.688792 0
1.58583 1.75741 0
0.124958 -0.594033 0
0.88999 -0.993599 0
0.589444 -0.0369285 0
0.825285 1.31277 0
0.382477 0.0760568 0
0.896045 0.423858 0
0.745666 0.409741 0
1.95341 1.73478 0
1.07168 -0.0519856 0
0.864498 0.268637 0
0.824987 0.0550564 0
2.51561 1.24432 0
1.61645 1.25417 0
0.982972 0.169877 0
0.225862 0.685665 0
-0.509957 0.158692 0
1.17685 0.610839 0
1.24809 1.24316 0
1.36741 -0.274232 0
0.520212 0.983518 0
1.16366 0.113325 0
1.19798 1.35899 0
1.32325 0.516779 0
0.840255 -0.042689 0
0.739548 0.56519 0
1.00917 0.138142 0
1.38585 0.221235 0
1.06385 -0.419708 0
1.13494 1.66079 0
0.651213 0.959318 0
0.513193 0.198015 0
1.88322 0.229338 0
1.76442 -0.073791 0
0.509892 1.60284 0
0.936899 0.420302 0
1.22536 -0.308898 0
0.488512 0.910217 0
-0.555858 0.70423 0
0.705346 1.25432 0
1.85189 1.57525 0
1.5712 0.261713 0
1.46628 0.369956 0
1.85366 1.24586 0
1.22899 0.376302 0
0.990744 1.03714 0
0.184466 0.40237 0
2.50714 1.25739 0
0.803528 0.327779 0
0.951985 1.65683 0
0.870467 -0.296909 0
0.942419 1.44995 0
0.712938 0.74042 0
1.67433 0.451933 0
1.19392 0.798165 0
0.308568 0.179645 0
1.76827 0.770319 0
2.27995 1.01791 0
1.20642 0.0453361 0
0.92619 0.73306 0
0.983911 0.733757 0
1.65087 1.56061 0
1.94532 1.63432 0
0.210599 0.043284 0
-0.210105 0.754497 0
0.0735137 1.29948 0
0.721019 -0.124479 0
1.58609 0.202342 0
1.67448 0.51993 0
0.641835 0.574184 0
0.808635 0.433727 0
1.57842 1.35649 0
0.627864 0.462317 0
1.16105 0.792798 0
0.244213 0.99528 0
0.750598 0.104878 0
1.54414 0.208357 0
1.53058 0.329887 0
0.810769 0.53325 0
1.37081 1.13802 0
0.801135 0.953371 0
0.744708 1.86349 0
1.42881 1.59838 0
1.3628 1.38229 0
0.410634 2.48149 0
1.56093 1.46577 0
1.22764 -0.0545691 0
0.636713 0.571775 0
0.962348 -0.263568 0
0.738273 0.660442 0
1.28711 1.46463 0
0.389292 -0.0975176 0
1.5919 1.11988 0
1.09962 0.460759 0
1.17824 -0.21973 0
1.61916 1.18475 0
0.207745 -0.169091 0
0.932524 0.525454 0
1.14163 -0.541637 0
2.02085 1.14626 0
2.36255 0.920923 0
0.62015 1.20387 0
0.847066 1.16731 0
0.841504 0.67487 0
0.804135 1.09403 0
1.59981 -0.0704066 0
1.42177 2.23608 0
1.3407 0.755136 0
1.12559 -0.433367 0
0.891592 0.697326 0
1.1776 0.328414 0
0.682649 1.18385 0
1.02219 0.424572 0
1.33496 0.337115 0
1.19647 0.956994 0
0.587199 0.0233324 0
0.961511 1.40654 0
0.523435 1.30055 0
0.316925 1.01259 0
0.0297274 1.48751 0
0.727062 1.22405 0
0.844173 0.0113162 0
1.79614 0.932913 0
1.10399 0.596102 0
1.25798 0.452454 0
1.14658 0.382939 0
1.14173 0.790683 0
0.629822 1.00286 0
2.02351 0.402577 0
0.316842 0.732045 0
1.55698 0.889603 0
1.18013 0.0525993 0
1.17678 0.61945 0
0.602013 0.79635 0
1.06567 -0.0877274 0
1.18393 0.0041002 0
1.30507 1.2159 0
0.0752549 1.44601 0
-0.564565 0.518874 0
1.10501 0.827122 0
1.33834 0.616687 0
1.58296 0.733643 0
0.438779 -0.205933 0
0.740543 0.53184 0
1.05542 1.17486 0
1.52838 0.817284 0
1.62214 1.44423 0
2.28738 1.85475 0
1.72837 2.10793 0
0.735873 0.445017 0
1.6684 0.823868 0
0.702888 1.23191 0
0.841341 0.0722878 0
0.851301 0.348029 0
0.41518 0.704658 0
1.584 -0.458282 0
1.438 0.472459 0
0.887236 -0.432126 0
0.178529 -0.153932 0
1.41579 0.863008 0
0.592267 0.371071 0
2.32489 0.489124 0
1.59078 0.788109 0
1.42801 -0.530692 0
0.862295 0.836372 0
1.40711 -0.201637 0
0.98541 1.00202 0
1.26221 1.12016 0
1.12292 -0.0793471 0
1.53321 1.37152 0
0.392387 1.10264 0
1.66861 1.1612 0
1.74992 0.191848 0
1.33832 1.76858 0
1.15705 0.881069 0
0.221366 1.14484 0
1.75351 0.583297 0
0.422579 0.690038 0
1.54326 -0.0251927 0
1.79959 0.673072 0
1.22941 0.313693 0
0.9863 0.783174 0
-0.0844541 0.48765 0
1.53641 0.561083 0
1.27843 0.293449 0
1.32484 1.20498 0
0.750173 0.637362 0
1.58561 0.982146 0
0.516717 0.525832 0
1.91098 -0.739265 0
1.49527 1.2863 0
0.728516 1.46003 0
1.15207 -0.0870231 0
1.18154 0.422499 0
0.205077 2.16827 0
1.85483 0.233794 0
2.32988 0.886786 0
2.44679 0.950809 0
1.52699 0.963428 0
0.815484 0.774436 0
2.36864 0.959345 0
0.880883 0.988069 0
1.16467 0.255801 0
1.45178 0.41821 0
1.24949 0.834802 0
1.81792 0.628473 0
0.880227 0.649436 0
0.746928 1.20374 0
0.502375 0.321971 0
0.272099 1.35418 0
0.335009 0.546727 0
0.75925 1.10836 0
1.10541 0.353169 0
1.32246 0.951015 0
1.30639 1.09796 0
1.34928 1.5075 0
0.00712234 0.710596 0
1.42417 0.473705 0
0.203054 0.593122 0
1.33582 0.813128 0
0.8217 1.24665 0
0.878109 0.911359 0
0.959931 -0.306529 0
0.962139 0.276552 0
0.486974 0.878443 0
0.220536 0.537118 0
0.554071 0.217867 0
0.483194 0.548576 0
0.0624213 0.859348 0
2.10722 0.629335 0
1.1801 1.69691 0
1.88223 1.43346 0
1.71247 0.318855 0
0.259554 0.506466 0
1.39029 0.0580958 0
0.940956 0.606555 0
0.430577 0.363336 0
1.383 1.06066 0
1.34542 1.40571 0
1.2266 1.89194 0
-0.179867 0.358875 0
0.610832 0.733782 0
1.09395 0.251552 0
1.3368 0.249451 0
1.06562 -0.411749 0
-0.0538619 1.12489 0
1.3174 -0.570805 0
1.74333 0.533865 0
1.14499 0.866208 0
0.775879 0.597699 0
0.865803 1.80422 0
2.00363 0.257298 0
0.515429 1.60001 0
1.11337 1.28809 0
1.20387 0.775712 0
1.32522 1.15607 0
0.780923 0.0665874 0
0.893834 0.976195 0
0.579439 0.363481 0
2.27928 0.43671 0
1.33934 0.64565 0
1.8661 1.07991 0
1.14772 -1.02773 0
1.37213 0.0696658 0
2.87307 0.906342 0
1.98634 0.330802 0
0.755579 2.35957 0
1.30336 0.36673 0
1.28242 0.330687 0
1.22183 1.5827 0
0.661544 1.21245 0
1.55425 0.870325 0
1.08879 -0.615484 0
1.47663 1.32874 0
2.06623 -0.0611004 0
1.3435 -0.347011 0
2.1319 0.208762 0
0.500871 -0.0190689 0
2.10412 0.571236 0
1.24351 0.595818 0
0.921809 -0.0555278 0
0.873384 1.23842 0
1.10303 0.545971 0
1.36296 0.575297 0
0.898904 0.139256 0
1.38953 -0.106185 0
1.89813 0.034678 0
1.41759 1.06186 0
0.77506 1.09622 0
1.33774 0.914629 0
1.01992 0.346264 0
1.84075 0.680884 0
0.68569 1.50073 0
0.2702 -1.54959 1
1.4562 -1.06957 1
2.27821 -0.925014 1
0.719679 -0.611041 1
1.68519 -0.180495 1
0.951904 -1.17831 1
1.70006 -0.373901 1
1.62063 -0.797218 1
1.09548 -0.482766 1
1.04743 -1.20472 1
1.40345 -1.09805 1
0.0226722 -0.628781 1
0.537193 -1.26265 1
1.34102 -1.15525 1
0.112143 -0.867344 1
0.329632 -1.13085 1
1.50896 -1.50841 1
0.96776 -0.698238 1
1.18285 -0.610997 1
1.34266 -0.873362 1
1.2936 -0.816322 1
1.938 0.0134096 1
1.08265 -1.60425 1
1.33229 -0.533562 1
1.41165 -1.30615 1
0.443345 -1.06362 1
0.716413 -1.0051 1
1.27173 -0.264466 1
1.48422 -0.66087 1
1.79557 -1.24804 1
1.56593 -1.56264 1
1.65253 -1.37877 1
0.14776 -1.32991 1
2.09452 -0.135538 1
1.53836 -1.89436 1
0.716371 -0.786594 1
1.52904 -1.0737 1
1.53194 -1.74212 1
0.910146 -0.736503 1
0.955847 -0.885021 1
1.50455 -0.0692364 1
1.96512 -1.1089 1
2.39057 -1.15754 1
2.16038 -0.555737 1
1.65907 -1.74792 1
2.59849 -0.228181 1
1.07715 -0.09604 1
1.43711 -1.2793 1
1.19855 -1.4953 1
1.24384 -0.376632 1
1.37629 -0.811318 1
1.5325 -0.30022 1
0.104106 -1.80534 1
0.579208 -0.737021 1
0.79279 -1.32181 1
1.21157 -0.415655 1
1.05112 -1.43434 1
0.719426 -2.69725 1
0.859408 -1.48695 1
0.743326 -0.838106 1
1.22027 -0.933494 1
-0.0409915 -0.936236 1
0.66675 -1.6125 1
2.13199 -0.92358 1
1.13601 -0.883406 1
1.32945 -1.26157 1
1.19856 -1.56706 1
1.88076 -1.5339 1
1.56716 -1.58768 1
0.178341 -1.2239 1
1.25499 -1.37433 1
1.89146 -1.04308 1
1.48619 -1.25568 1
2.31403 -1.3518 1
1.52207 -1.14209 1
1.52008 -1.59374 1
1.55357 -1.52172 1
1.30125 -0.936109 1
1.55784 -0.727445 1
1.36622 -1.2425 1
0.367061 -1.62468 1
-0.257001 -0.370997 1
0.438923 -1.42347 1
0.896152 -0.597088 1
1.96368 -1.4083 1
0.29889 -0.489829 1
1.71859 -0.470334 1
1.20386 -0.455219 1
0.713453 0.382838 1
1.99435 -0.496721 1
0.728519 0.460631 1
1.87399 -0.221562 1
0.311934 -1.70451 1
1.24944 -1.4085 1
1.34598 -0.684063 1
1.52193 -0.805117 1
2.16727 -0.451299 1
0.991175 -1.50648 1
1.82695 -0.403901 1
1.19253 -1.83645 1
1.13527 -0.442291 1
2.23859 -1.08817 1
2.20883 -0.314105 1
0.745508 -0.817043 1
0.952451 -0.423995 1
1.4083 -0.509696 1
1.53882 -0.971335 1
1.8327 -1.05059 1
1.98491 -0.230737 1
1.4078 -1.55542 1
2.23449 -1.84614 1
1.28706 -0.542527 1
1.53765 -1.53223 1
0.644468 -1.54432 1
0.696254 -1.28977 1
1.13671 -0.790073 1
1.09205 -1.53436 1
1.34984 -1.39789 1
0.991194 -1.18851 1
1.57652 -1.33032 1
1.77101 -0.566226 1
0.92164 -0.358177 1
1.2422 -0.984908 1
1.42295 -0.648825 1
2.27794 -1.59957 1
1.14453 -1.89157 1
0.297845 -1.30894 1
1.40148 -1.92422 1
1.28868 -1.70107 1
2.60235 -0.647966 1
1.82817 -1.45544 1
1.29646 -1.5352 1
1.47013 -0.370607 1
0.462977 -0.668761 1
2.22886 -0.0607836 1
1.58442 -0.745783 1
2.06936 -0.848642 1
1.37735 -0.971554 1
0.59667 -0.720897 1
0.858081 -0.590448 1
2.00435 -1.25075 1
0.919647 -1.62829 1
0.0316405 -0.941913 1
1.74155 -1.15495 1
1.78901 -1.17952 1
0.888303 -1.01511 1
1.45261 -1.48353 1
-0.0348445 -0.773422 1
0.374723 -1.06483 1
0.918358 -1.43557 1
0.437009 -1.58581 1
2.5507 -0.926643 1
0.829165 -1.01499 1
2.27608 -1.63114 1
1.3649 -0.599433 1
2.14076 -1.33661 1
1.1506 -1.05825 1
1.00645 -1.36511 1
0.43244 -1.09014 1
1.29003 -1.81562 1
1.49145 -1.21904 1
0.662534 -1.66219 1
1.54072 -0.661319 1
1.78401 -0.177256 1
1.17065 -0.613077 1
1.04723 -0.438104 1
0.659101 -1.09602 1
0.441913 -0.858934 1
1.49959 -1.61427 1
0.393568 -0.94255 1
1.8983 -0.119852 1
1.54132 -0.367976 1
1.32804 -1.50261 1
1.11177 -1.57399 1
1.13833 -1.42151 1
0.9545 -1.00613 1
0.886799 -1.9288 1
-0.229833 -1.58504 1
1.53341 -1.77927 1
1.38351 -1.31707 1
1.40832 -1.69309 1
1.26854 -1.53879 1
1.18975 -1.53706 1
1.46164 -0.935189 1
1.37923 -1.4986 1
0.642935 -0.853361 1
1.51738 -0.829298 1
1.81028 -1.6884 1
1.43827 -0.602614 1
0.942957 -0.605772 1
0.0391476 -1.11922 1
2.23484 -0.972387 1
1.4 -1.62865 1
0.977396 -1.68996 1
1.32346 -1.15076 1
0.896664 0.28937 1
0.922 -1.49497 1
1.91924 -1.85196 1
1.47108 -1.70743 1
1.40475 -1.20764 1
1.62527 -0.837663 1
0.64581 0.157603 1
0.812979 -0.675049 1
1.13697 -1.30512 1
0.661647 -0.801984 1
1.1637 -1.30444 1
1.19018 -1.17543 1
1.28524 -0.811302 1
0.409212 -1.67903 1
1.57797 -0.729265 1
1.60414 -1.28477 1
1.42266 -0.784234 1
1.13862 -1.04525 1
1.14567 -0.771236 1
0.534942 -1.1029 1
1.68618 -0.317017 1
0.991484 -1.07737 1
1.26695 -0.387251 1
0.974772 -0.976314 1
0.579198 -0.883974 1
0.965454 -0.185927 1
1.76491 -1.41685 1
0.957767 -1.07857 1
1.11373 -0.865353 1
1.45482 -1.53697 1
2.44173 0.362416 1
1.21994 -1.1803 1
1.30869 -0.788368 1
1.0705 -0.934823 1
1.4304 -1.02497 1
1.33999 0.148512 1
1.20257 -1.5979 1
2.02706 -0.713414 1
0.932732 -1.0401 1
0.656761 -0.87852 1
1.30624 -0.924017 1
1.73588 -0.57043 1
1.21659 -1.13705 1
1.01307 -0.179965 1
1.4268 -2.21335 1
0.906223 -1.2332 1
1.51592 -0.807611 1
0.618967 -0.8684 1
1.30156 -0.473637 1
-0.128099 -0.483735 1
0.979556 0.624236 1
1.57038 -1.163 1
1.59085 -1.18335 1
0.814356 -0.660958 1
1.27005 -1.32008 1
1.35867 -1.36683 1
1.85676 -0.643935 1
1.86155 -1.01115 1
0.615762 0.428187 1
0.981748 -2.23376 1
0.631368 -0.611115 1
0.755547 -0.601056 1
2.03557 -1.05337 1
2.48978 -0.483645 1
1.64835 -1.10138 1
1.72054 -1.40698 1
0.967454 -1.12309 1
1.82253 -0.197188 1
1.56574 -1.56418 1
0.58255 -0.317332 1
2.31437 -0.191436 1
1.54094 -0.862942 1
1.02999 -1.70317 1
1.88043 -0.889193 1
2.10736 -1.16527 1
0.32575 -0.692918 1
1.84982 -0.593035 1
0.797416 -0.393528 1
1.60609 -0.4203 1
1.16647 -1.09234 1
1.88834 -0.542331 1
0.446567 -1.01726 1
2.40744 -1.58173 1
1.85094 -0.847745 1
1.73409 -0.801632 1
1.06186 -1.97374 1
2.05592 -0.979419 1
0.627462 -0.684378 1
1.17674 -1.02954 1
1.30896 -0.272835 1
1.09131 -1.24198 1
0.732006 -0.843696 1
1.88955 -2.40513 1
0.586157 0.736052 1
1.45521 -0.844572 1
0.699948 -1.38823 1
2.41091 -0.0451371 1
1.39746 -0.266229 1
1.61403 -0.821834 1
2.03175 -1.94798 1
1.3663 -1.02984 1
0.987588 -1.91744 1
1.28537 -1.11418 1
0.297455 -0.500364 1
0.499475 -1.49851 1
0.444253 -0.819088 1
2.59239 -0.362433 1
1.16344 -0.825229 1
1.47898 -1.26054 1
1.88472 -1.27028 1
1.41481 -1.51662 1
0.82929 -0.421867 1
1.90238 -0.0389263 1
2.29275 -0.780027 1
1.11393 -1.00089 1
2.65477 -0.812012 1
0.780795 -1.73238 1
2.28281 -0.0327052 1
1.34315 -1.18998 1
1.3991 -1.71313 1
1.71203 0.282361 1
1.67959 -1.92275 1
0.438083 -1.2611 1
1.88565 -0.534877 1
1.04786 -0.665862 1
0.988081 -0.885918 1
2.00601 -0.406551 1
-0.158297 -0.695599 1
1.08187 -1.41873 1
1.59503 -0.790849 1
1.51227 -2.05456 1
1.50759 -0.68151 1
0.995947 -1.81871 1
1.78771 -2.57587 1
0.0288614 0.259757 1
0.822797 -1.83525 1
0.025723 -0.786482 1
1.49959 -0.624362 1
1.11145 -1.27848 1
-0.223202 -1.60935 1
0.66245 -1.00841 1
1.11842 -0.730256 1
0.867876 -1.2087 1
1.34463 -0.888157 1
1.49113 0.210469 1
-0.507496 -1.03306 1
2.09693 0.0530698 1
0.577062 -0.131888 1
1.67073 -0.731821 1
1.71303 -1.50522 1
2.6777 -0.443638 1
2.58796 -0.912022 1
1.15034 -0.447938 1
0.668224 -1.20339 1
0.844348 -1.20819 1
1.84022 0.105278 1
1.76062 -1.86073 1
1.26861 -0.860358 1
0.690737 -0.992161 1
1.00625 -1.41967 1
2.51682 -0.174125 1
1.48837 -0.160896 1
1.45625 -0.898733 1
1.6397 0.0410872 1
1.25485 -0.38077 1
0.994742 -1.21538 1
0.188103 -2.1559 1
0.817202 -0.935018 1
0.898266 -1.27393 1
0.896653 -1.16147 1
0.486821 -1.39503 1
2.27239 -1.33873 1
1.17845 -0.669755 1
0.877406 0.443889 1
1.68249 -1.40055 1
1.32992 -0.462403 1
0.211858 -0.986036 1
1.37892 -0.0704241 1
1.27492 -0.294036 1
2.72345 -0.605777 1
0.477253 -0.953652 1
1.42655 -1.30257 1
0.930253 -1.67709 1
0.433444 -1.45171 1
0.592219 -1.09997 1
1.73023 -1.46475 1
0.692808 -1.03873 1
2.14015 -1.08667 1
1.58535 -0.50418 1
1.41816 -0.305887 1
1.49102 -1.56495 1
2.00819 -1.01748 1
0.80846 -2.08785 1
0.898591 -1.6673 1
1.19704 -1.26958 1
1.41465 -0.0527313 1
1.32279 -1.64795 1
1.42102 -0.566092 1
0.432262 -1.26373 1
0.53943 -1.16187 1
0.801148 -0.842939 1
0.891531 -0.847273 1
1.92052 -0.882965 1
1.15002 -1.27715 1
1.11034 -0.962266 1
0.831785 -0.96468 1
1.28134 -0.243732 1
1.6918 0.189398 1
0.108317 -1.16094 1
1.17133 -0.671396 1
1.36778 -1.29063 1
1.01406 -1.83433 1
1.57076 -0.681475 1
1.0679 -1.90486 1
1.24274 -0.160471 1
0.888627 -0.146591 1
1.53565 -0.361705 1
0.65814 -2.43341 1
0.98261 -1.52554 1
0.335106 -1.245 1
0.855743 -1.17538 1
0.331392 -1.52902 1
0.458258 -1.26248 1
2.55344 -0.555381 1
1.7215 -0.772373 1
0.718245 -0.462402 1
1.26668 0.469352 1
1.13659 -1.08429 1
2.24609 0.028367 1
2.03853 -0.547287 1
1.00032 -0.763654 1
1.17916 -1.46145 1
1.40955 -1.49254 1
1.51928 -0.35469 1
0.680176 -2.22884 1
2.129 -0.136641 1
2.33028 -2.24443 1
1.49473 -1.7274 1
1.96019 -0.703455 1
1.02242 -0.649609 1
2.02989 -1.61314 1
1.78542 -0.907539 1
1.42067 -0.718713 1
1.30543 -0.353384 1
2.01132 -1.41731 1
1.00508 -0.694044 1
1.05743 -0.867418 1
2.35858 -0.684238 1
-0.685475 -1.24014 1
1.46289 -2.89553 1
1.66551 -1.19014 1
1.15215 -1.33942 1
2.06294 -0.519711 1
1.89597 -0.543229 1
0.243868 -1.13646 1
0.213484 -1.34119 1
1.13215 -2.18263 1
0.348682 -0.790382 1
0.932258 0.182961 1
1.11752 -1.59469 1
1.05581 -1.41463 1
1.36294 -1.55146 1
0.389787 -0.959161 1
0.907776 -1.88344 1
1.3743 -1.818 1
1.10782 -1.99304 1
1.9588 -2.16552 1
1.20971 -0.66273 1
1.7319 0.111831 1
0.762668 -1.19486 1
2.15152 -0.32208 1
1.61634 -0.791799 1
1.55062 -1.50386 1
2.13104 -0.772533 1
0.563172 -0.324851 1
0.8796 -1.21389 1
1.08341 -0.698699 1
1.94627 -1.42788 1
1.98189 -1.74438 1
1.37654 -0.556436 1
2.26122 -0.52908 1
1.13863 -1.07375 1
1.99286 -1.68328 1
0.428613 0.117591 1
0.51521 -0.409218 1
1.44365 -1.48721 1
0.327838 -1.72716 1
1.5319 -0.331352 1
0.962793 -0.98434 1
1.75199 -0.226657 1
1.25435 -1.1801 1
1.70987 -1.78868 1
2.0929 -0.825904 1
0.989774 -1.0949 1
1.23639 -1.21419 1
2.04182 -0.592702 1
1.41228 -1.94273 1
1.47556 -0.800664 1
2.6697 -1.09143 1
0.592754 -1.23764 1
1.43824 -1.73698 1
2.14934 -0.463815 1
1.62189 -1.40183 1
1.82537 0.0955071 1
1.65663 -0.768652 1
2.93924 -2.46717 2
2.936 -1.93327 2
2.83935 -2.43668 2
3.55693 -2.09186 2
2.9185 -1.01317 2
2.50186 -2.17056 2
3.31075 -2.25273 2
3.4756 -1.95861 2
2.86491 -1.27784 2
3.07592 -2.11525 2
2.96986 -0.705483 2
2.81483 -1.0213 2
3.59054 -1.05089 2
4.07554 -1.44283 2
3.51364 -1.68725 2
3.62754 -3.44218 2
2.59613 -2.66265 2
3.71178 -1.10099 2
2.32827 -0.858038 2
2.82328 -1.74609 2
3.38032 -1.59788 2
2.50471 -1.69251 2
2.74981 -1.31152 2
3.98159 -1.39618 2
4.28675 -3.58581 2
3.9315 -1.23842 2
2.31173 -1.62635 2
2.4368 -2.1093 2
1.80694 -1.35586 2
2.91961 -1.33403 2
2.46208 -1.67989 2
3.14889 -1.95889 2
3.83624 -1.65744 2
2.90015 -1.2532 2
3.82327 -1.78507 2
3.73179 -0.990395 2
4.14858 -1.72866 2
3.51847 -3.00571 2
1.90498 -1.84382 2
3.09168 -2.31546 2
3.65189 -1.55507 2
4.27996 -1.33229 2
3.02539 -2.0083 2
2.65166 -2.4223 2
3.35087 -2.14083 2
2.27031 -2.04012 2
3.79278 -2.92553 2
2.62054 -1.51524 2
2.71804 -0.745569 2
3.04218 -3.2904 2
3.62137 -1.84213 2
2.47618 -2.36333 2
3.89867 -1.9383 2
3.06956 -2.36642 2
3.11236 -1.87313 2
3.17158 -1.90283 2
3.3306 -2.03822 2
3.74801 -1.39063 2
2.55376 -1.21265 2
3.14275 -1.9547 2
3.79605 -2.302 2
2.7796 -2.01806 2
2.47967 -1.96273 2
2.64231 -1.91992 2
4.13277 -1.57889 2
2.60761 -1.7026 2
2.05933 -1.92982 2
4.35561 -1.36039 2
2.89759 -1.08573 2
2.26976 -1.28711 2
3.11415 -1.00122 2
3.41323 -0.980895 2
3.37799 -1.82449 2
3.10593 -2.64979 2
2.49111 -1.2056 2
4.59646 -1.97277 2
3.75851 -2.74935 2
3.49331 -1.56141 2
3.70144 -1.50177 2
2.41102 -1.9345 2
2.10913 -2.17478 2
3.0508 -2.64035 2
4.183 -0.872412 2
3.55389 -1.77784 2
2.77734 -0.493119 2
2.87089 -1.46886 2
3.064 -1.85479 2
2.48488 -1.66597 2
4.06115 -2.1587 2
2.06787 -1.20818 2
2.08084 -1.51376 2
3.31476 -1.01564 2
3.31602 -1.1366 2
2.48434 -1.53563 2
3.39065 -2.99554 2
3.79399 -1.40412 2
3.18665 0.00725698 2
3.22744 -0.337791 2
2.51154 -1.9841 2
3.0256 -1.67207 2
3.97058 -1.62224 2
3.83187 -1.57706 2
2.67956 -1.25597 2
2.65179 -2.93145 2
3.24857 -1.47927 2
2.83874 -2.28949 2
2.31762 -1.82122 2
3.79936 -1.51773 2
3.24457 -2.07761 2
3.44383 -1.60376 2
3.56892 -1.12776 2
2.68715 -2.07647 2
2.04158 -1.88738 2
2.42343 -2.19178 2
3.71847 -1.17796 2
3.7199 -0.865658 2
2.53866 -1.59223 2
2.53995 -2.0767 2
2.60154 -0.524463 2
2.71965 -2.79562 2
4.29757 -1.71391 2
3.24501 -1.10294 2
2.12665 -2.27068 2
3.01979 -1.06088 2
3.47392 -2.52869 2
2.9325 -1.2073 2
2.78205 -0.892591 2
1.96498 -1.92252 2
3.73185 -2.4652 2
2.6428 -1.5724 2
2.9526 -1.06588 2
4.06809 -1.54471 2
1.67441 -0.868803 2
4.39158 -1.61763 2
3.4465 -1.08873 2
3.63496 -1.48584 2
2.93631 -1.30658 2
3.56654 -2.93314 2
3.15897 -1.7311 2
3.37618 -2.39598 2
2.8132 -1.89735 2
2.42891 -2.99161 2
3.09014 -1.10409 2
2.2003 -1.83229 2
3.78901 -1.95024 2
2.80582 -1.37393 2
2.36987 -1.83487 2
3.44439 -0.116618 2
2.82533 -1.54465 2
2.46521 -1.51468 2
4.02767 -2.40502 2
2.93842 -1.32643 2
3.1766 -0.888798 2
3.24997 -1.4599 2
2.22194 -1.33239 2
3.21318 -1.92327 2
3.35129 -1.66774 2
3.62738 -1.74599 2
2.54014 -1.37755 2
1.68411 -2.52356 2
3.13292 -1.07462 2
3.84982 -0.308673 2
2.56457 -2.33817 2
3.16952 -1.25011 2
2.74763 -0.909393 2
2.12249 -2.49952 2
2.64876 -3.12584 2
3.20132 -2.88785 2
2.72911 -2.49407 2
3.88559 -2.15069 2
2.1241 -3.02268 2
2.75816 -1.88675 2
3.41065 -1.83885 2
3.25056 -1.59009 2
3.24079 -1.80643 2
3.76708 -0.943371 2
4.36248 -2.69653 2
2.70351 -1.60521 2
2.5059 -1.89255 2
3.27651 -2.03087 2
2.16665 -1.94053 2
3.821 -1.62261 2
3.32368 -2.43263 2
4.07726 -1.30724 2
3.85976 -1.88657 2
3.04282 -1.63964 2
3.2604 -0.626958 2
2.1825 -1.37257 2
3.58485 -0.886027 2
4.25576 -1.96201 2
3.04436 -1.52708 2
3.9394 -2.05534 2
3.84965 -2.42476 2
4.06921 -2.00442 2
3.08831 -1.26673 2
2.52509 -1.11558 2
3.51357 -2.10346 2
3.83364 -0.515325 2
2.68287 -1.25365 2
2.67654 -1.41089 2
2.59386 -2.08539 2
4.09328 -1.31474 2
3.81768 -1.38294 2
4.46285 -2.18973 2
3.27058 -1.68671 2
3.31165 -2.19103 2
2.66887 -2.07043 2
2.63428 -1.77231 2
3.60476 -1.6403 2
2.40933 -1.17545 2
2.79606 -1.5316 2
2.15524 -1.88728 2
3.07389 -2.8571 2
3.00086 -2.03706 2
2.96297 -0.563573 2
3.70414 -2.04959 2
2.93994 -1.32938 2
2.89849 -3.53646 2
2.90445 -1.98448 2
3.76693 -1.51739 2
3.58876 -1.57961 2
3.3474 -1.73963 2
4.17826 -2.02997 2
3.58249 -1.72291 2
3.15521 -2.07612 2
3.13818 -2.17926 2
2.95414 -0.448906 2
3.38572 -1.7311 2
1.65444 -2.96297 2
3.98322 -1.46893 2
3.1275 -1.19248 2
3.03199 -0.819661 2
3.11211 -1.0593 2
3.35288 -1.69195 2
2.81714 -2.76381 2
3.49812 -0.74645 2
2.64513 -1.29815 2
3.56596 -1.56288 2
3.72614 -0.787192 2
2.1973 -0.804621 2
3.92726 -2.38796 2
2.06453 -1.49611 2
2.6748 -0.963678 2
2.8471 -0.478326 2
3.71407 -2.28363 2
2.92911 -2.60284 2
3.14217 -2.50706 2
2.88502 -1.32505 2
3.21022 -1.2729 2
3.53987 -1.75184 2
3.65494 -1.80312 2
3.0889 -1.48884 2
3.83587 -1.63512 2
2.68881 -1.39727 2
3.7164 -2.19418 2
3.33474 -2.04524 2
3.31139 -0.938741 2
3.38906 -1.34334 2
3.57543 -1.73447 2
3.82835 -2.04773 2
3.44054 -1.94495 2
2.90953 -1.6298 2
4.14629 -0.874493 2
2.51201 -0.655681 2
3.31263 -1.50663 2
3.05085 -1.70027 2
2.81503 -1.87565 2
2.24904 -2.00551 2
2.95896 -1.51644 2
2.43816 -0.853598 2
2.93894 -2.63841 2
3.60937 -1.29079 2
2.72396 -1.63222 2
3.01052 -1.98259 2
3.21087 -0.946243 2
3.23459 -1.80889 2
2.78724 -1.85446 2
2.86219 -0.958366 2
3.27358 -2.20848 2
3.22396 -1.89676 2
4.09486 -0.871032 2
3.4091 -0.585112 2
3.36467 -1.20364 2
2.75092 -2.23655 2
2.91053 -2.21595 2
3.06492 -2.22893 2
3.37526 -1.48767 2
3.00381 -2.37839 2
3.67833 -2.53744 2
3.89146 -1.82472 2
3.36357 -2.39552 2
2.95659 -1.48968 2
2.43321 -2.10046 2
3.25079 -1.96958 2
3.36691 -2.19589 2
2.65412 -1.70219 2
2.43441 -2.04911 2
3.41752 -1.67735 2
2.77144 -2.1105 2
2.43849 -2.69695 2
2.96325 -1.14694 2
3.11467 -3.14496 2
3.98318 -1.70232 2
3.8028 -1.74941 2
2.24239 -2.96491 2
2.50822 -1.53152 2
3.24637 -0.693742 2
3.54506 -1.70243 2
3.20332 -1.46416 2
3.51707 -1.15696 2
3.2523 -1.33608 2
2.58856 -1.68202 2
2.8419 -2.13848 2
2.97463 -0.504843 2
2.60328 -1.5684 2
2.99263 -0.967218 2
3.41359 -1.47541 2
3.45192 -2.91775 2
3.31642 -0.927448 2
2.45871 -2.51873 2
2.6022 -1.28825 2
3.59307 -1.62298 2
3.62912 -1.20757 2
2.53545 -1.74958 2
2.97279 -2.62242 2
3.75324 -3.27617 2
2.99673 -0.855958 2
3.31833 -1.32214 2
2.97319 -0.54133 2
3.77039 -1.03483 2
3.29891 -2.86149 2
3.30308 -1.1578 2
3.24241 -1.75374 2
4.10066 -1.66385 2
3.13207 -1.95509 2
2.22258 -0.574648 2
2.83416 -0.814231 2
2.98764 -1.26034 2
2.55684 -1.15999 2
3.28897 -0.538791 2
2.51284 -1.58447 2
2.54218 -1.28902 2
3.30187 -1.70389 2
2.81772 -2.0047 2
3.13028 -3.20377 2
3.44991 -2.21381 2
2.93085 -2.42613 2
3.74413 -1.13799 2
2.72292 -1.1425 2
3.24711 -1.72437 2
3.11525 -1.73583 2
2.66562 -2.4788 2
2.73151 -2.27876 2
3.45391 -2.8039 2
3.67082 -1.10453 2
2.0138 -1.1766 2
3.209 -1.05117 2
4.0245 -2.05992 2
2.74592 -1.00425 2
2.25612 -2.19281 2
3.02172 -0.956564 2
3.48655 -1.38841 2
4.13521 -1.78071 2
3.56944 -2.5054 2
3.02097 -1.3899 2
3.54038 -1.6858 2
3.70632 -1.52329 2
2.90982 -2.72872 2
3.59536 -1.97002 2
3.69677 -2.71346 2
3.66322 -1.84074 2
3.71698 -1.46644 2
2.40185 -1.79026 2
3.43118 -1.76922 2
3.47745 -1.12818 2
3.05414 -1.55396 2
3.2496 -0.969732 2
3.46119 -1.0531 2
2.06671 -2.21454 2
3.61456 -2.3531 2
3.25686 -2.05471 2
3.52012 -1.60245 2
2.32057 -2.53423 2
3.57888 -0.798755 2
3.68433 -1.48156 2
2.50491 -1.18964 2
3.11269 -1.20324 2
3.8403 -1.21814 2
3.63251 -1.27607 2
3.95676 -2.28313 2
2.13505 -0.622183 2
3.12411 -1.72729 2
3.8266 -1.22099 2
3.48498 -1.8427 2
3.24239 -1.72045 2
3.06865 -1.49855 2
2.98577 -2.55619 2
3.23 -0.766834 2
3.9936 -2.14707 2
2.1836 -1.74498 2
2.82459 -1.46236 2
3.17782 -1.1691 2
3.38036 -2.91925 2
4.06889 -2.39374 2
3.39402 -1.76061 2
4.34845 -1.98239 2
2.24457 -0.90567 2
4.8447 -1.75879 2
3.50204 -2.10019 2
2.99795 -0.0519519 2
2.27187 -1.04858 2
2.9717 -2.23607 2
3.42294 -1.45378 2
3.11554 -2.48425 2
2.4117 -0.646882 2
3.21452 -1.4179 2
3.28009 -1.46914 2
1.94163 -1.53946 2
3.42644 -1.90236 2
3.33235 -0.593572 2
2.90608 -1.15255 2
2.88771 -1.37509 2
3.97185 -0.971076 2
3.34456 -1.64507 2
2.32651 -1.30783 2
2.75962 -2.18909 2
3.23208 -1.62477 2
3.30921 -1.39117 2
3.18648 -0.421785 2
3.43767 -3.16508 2
3.23944 -1.32807 2
3.21808 -1.26727 2
2.67486 -1.25697 2
3.06239 -1.13445 2
3.17993 -2.28927 2
3.32446 -2.8867 2
4.61699 -1.45851 2
3.1482 -2.02704 2
3.2148 -1.66002 2
1.87249 -2.07463 2
3.62577 -1.54288 2
3.62629 -1.97248 2
2.42912 -1.10211 2
2.71405 -1.47089 2
2.03486 -1.63044 2
3.4701 -2.15586 2
3.07999 -2.13344 2
0.980332 -1.75323 2
1.6972 -1.59361 2
2.90472 -1.91217 2
2.75713 -2.18344 2
2.89875 -1.98857 2
2.56966 -3.60625 2
2.78817 -1.21499 2
3.80299 -2.44491 2
3.11759 -2.44115 2
3.8904 -1.1469 2
2.55191 -1.79517 2
3.21079 -1.71529 2
2.35569 -1.83725 2
2.41793 -2.02465 2
2.40241 -1.16544 2
2.83395 -2.38587 2
3.50372 -1.37671 2
3.31878 -1.7147 2
2.38446 -2.01136 2
3.12893 -0.425904 2
3.19878 -0.376175 2
3.45256 -1.58425 2
3.47304 -1.11929 2
3.14136 -2.60894 2
3.48501 -2.76625 2
3.09537 -2.37278 2
2.52796 -0.640946 2
2.52725 -1.91947 2
2.62825 -1.65174 2
2.47343 -2.25315 2
2.77532 -1.32315 2
2.85924 -2.18379 2
3.84727 -0.146096 2
3.5694 -1.6978 2
2.41254 -1.57964 2
1.93032 -1.77403 2
3.82128 -1.79798 2
3.39268 -1.78024 2
2.54516 -1.35622 2
2.54969 -1.98849 2
3.20782 -2.28755 2
2.60101 -1.98003 2
3.19411 -2.01544 2
3.74556 -2.63712 2
2.21473 -2.12365 2
3.13402 -2.4966 2
3.54978 -2.20322 2
2.21963 -1.24166 2
3.37871 -1.05058 2
4.12547 -2.60581 2
3.91191 -1.24659 2
3.21539 -1.01963 2
3.41774 -3.25399 2
3.11846 0.695727 3
2.299 1.75234 3
2.54899 1.2758 3
3.00296 0.540899 3
2.9056 -0.197442 3
2.60568 1.22892 3
2.61489 0.0937608 3
3.08361 1.417 3
3.52432 1.12593 3
3.72964 -0.22437 3
2.29562 1.57834 3
2.37355 0.797992 3
2.87689 1.00827 3
2.69204 0.463158 3
3.04576 1.07245 3
2.44187 0.724268 3
2.69417 0.161474 3
4.14471 0.904089 3
2.83286 1.51442 3
2.60264 1.41304 3
2.81103 0.357131 3
3.17581 0.7374 3
2.18132 0.274091 3
3.26071 0.759536 3
4.01479 0.380176 3
2.54796 2.08123 3
2.94488 0.424097 3
2.53457 0.222158 3
4.41524 0.354687 3
3.29418 0.56444 3
2.7513 0.496581 3
3.7746 2.55555 3
2.88972 2.27007 3
1.65288 0.501656 3
2.73031 1.93713 3
2.20075 1.71554 3
3.489 1.12554 3
2.3987 2.41965 3
3.54302 0.874504 3
2.3902 0.559767 3
3.02317 1.55256 3
2.41069 0.708302 3
3.25804 2.21371 3
3.50714 1.75824 3
3.04978 0.505158 3
2.54516 1.13543 3
3.13363 0.664495 3
2.44216 0.171664 3
2.59312 0.0219008 3
2.86514 1.29286 3
2.79636 1.33512 3
3.01891 0.4994 3
4.2422 1.54285 3
2.73443 0.175901 3
3.15787 0.146638 3
2.93716 0.129511 3
1.97585 0.937797 3
3.29244 0.721836 3
2.97732 1.27508 3
2.45606 1.33736 3
2.69452 -0.760125 3
2.85529 1.745 3
3.41211 1.44015 3
2.50353 0.626205 3
2.63475 1.916 3
3.27634 0.667178 3
3.04816 1.23645 3
2.95961 0.873726 3
3.12303 -0.172696 3
2.74595 1.49712 3
3.01332 1.29374 3
3.09254 0.42359 3
3.19705 0.616423 3
3.2002 0.449477 3
2.44523 1.05544 3
2.12556 0.857589 3
2.55782 1.23965 3
3.25082 0.470238 3
3.46794 1.96791 3
3.59743 0.657729 3
2.37881 0.742404 3
3.34691 0.55164 3
2.42897 0.0139257 3
2.80626 1.05877 3
3.26835 0.887127 3
2.40261 0.836215 3
2.75545 0.45953 3
3.70573 1.23032 3
3.3068 0.143833 3
2.55971 1.37261 3
3.51653 1.17442 3
2.11224 1.71248 3
3.40325 1.14154 3
3.3186 1.13934 3
2.09719 1.55663 3
3.18248 0.550853 3
3.95766 1.45323 3
3.57731 0.312186 3
3.03279 0.842675 3
3.75646 1.35081 3
3.10274 1.12452 3
3.2319 1.09435 3
2.69973 0.567654 3
2.29603 0.722348 3
2.86148 -0.16046 3
2.55625 1.48143 3
3.35028 1.36216 3
3.22656 1.57527 3
2.81777 0.738181 3
3.28125 1.55182 3
3.15752 1.41575 3
3.13177 0.431528 3
1.21595 1.19618 3
1.89223 0.959046 3
2.82959 0.0108051 3
2.95199 2.0438 3
3.33658 2.2972 3
3.33116 0.313098 3
3.7439 1.05651 3
3.23218 1.73266 3
2.16927 1.84845 3
3.04537 1.67181 3
2.13596 1.07512 3
3.75415 1.57264 3
3.16828 0.498053 3
3.5476 1.13141 3
2.79325 0.652353 3
3.00866 1.60864 3
3.6111 0.84099 3
2.68997 2.00333 3
3.55904 0.440552 3
2.5935 0.959065 3
2.92834 0.809283 3
2.4152 1.30503 3
2.17002 0.642385 3
3.58242 -0.170396 3
2.97902 0.383837 3
2.17402 1.19354 3
3.48703 0.723168 3
3.24668 0.572222 3
2.9234 0.28647 3
3.10495 1.27518 3
2.96946 0.966535 3
1.72925 0.31988 3
3.06368 0.0722263 3
2.67547 -0.393645 3
3.22515 0.389537 3
2.7173 0.538908 3
2.65127 1.55434 3
2.70897 0.304258 3
1.98855 0.39304 3
2.09479 0.90505 3
2.78893 1.17046 3
2.24963 0.321232 3
2.34147 1.45301 3
3.57547 0.877084 3
3.05667 0.776933 3
2.24545 2.73753 3
2.55214 0.554808 3
2.67581 1.13163 3
3.17663 1.38173 3
2.28148 0.673055 3
2.29528 0.00443894 3
3.45584 0.00573927 3
2.96838 0.981376 3
3.11709 -0.301565 3
3.05194 1.6203 3
2.81133 2.16562 3
3.35715 0.761591 3
2.67306 1.17072 3
2.42681 0.482663 3
3.66092 0.731618 3
3.97935 1.11924 3
2.89653 1.84866 3
2.40514 1.58903 3
2.10309 0.684069 3
3.18268 2.09959 3
2.60385 1.96592 3
3.36927 0.660687 3
3.31202 1.42276 3
3.40842 0.62418 3
3.60136 0.370311 3
3.59096 0.864581 3
2.91122 1.42712 3
2.74405 1.98563 3
3.11647 1.79014 3
2.24769 0.532208 3
2.28007 1.0286 3
2.17411 0.361472 3
2.68581 0.92301 3
2.64578 1.19545 3
3.03758 0.579847 3
2.95138 0.767669 3
2.07651 2.20894 3
3.305 0.0584482 3
2.80022 1.27142 3
2.13616 0.362386 3
3.66415 0.0856068 3
3.35735 0.81623 3
3.88158 0.733336 3
3.19275 0.676789 3
3.26017 1.43553 3
3.17853 3.06808 3
2.50278 0.939327 3
1.94848 1.96094 3
3.64697 -0.0658107 3
3.53492 1.97266 3
3.73157 0.532874 3
1.94042 0.536129 3
2.54227 1.30105 3
2.07454 1.73891 3
4.11956 0.877909 3
4.14339 0.940305 3
2.62535 1.32882 3
1.91653 1.32545 3
2.992 -0.380801 3
3.58511 1.92167 3
2.67816 0.943205 3
2.95902 0.300183 3
2.78636 0.980159 3
3.09435 0.723759 3
2.81883 0.538836 3
2.21282 0.989228 3
4.70095 0.905456 3
2.85978 0.910179 3
3.50898 0.216128 3
2.52272 1.41164 3
3.13302 1.0328 3
2.41527 1.03129 3
3.37495 0.839344 3
3.84789 1.60357 3
2.61606 0.847812 3
3.06437 0.710203 3
2.89537 -0.235714 3
3.03819 0.508196 3
3.72903 1.08525 3
2.54348 0.790526 3
2.41584 0.941396 3
2.20288 -0.227049 3
2.61549 1.23145 3
3.89616 0.665609 3
2.99359 -0.0727338 3
2.63111 0.822282 3
2.72678 0.880927 3
2.66595 1.53452 3
3.51212 1.05281 3
3.65507 1.26653 3
3.33392 0.557206 3
3.6255 0.400589 3
3.26636 0.788632 3
3.56046 0.80559 3
3.26764 0.755589 3
2.36425 1.44685 3
2.67913 0.305221 3
2.47491 0.743405 3
3.55092 0.669328 3
2.96989 1.12124 3
1.39854 1.69161 3
2.17038 0.139158 3
3.16239 1.69875 3
0.850058 0.989832 3
2.47824 0.663815 3
2.85763 1.34972 3
2.90289 1.72489 3
2.44488 -0.374523 3
2.4892 1.18312 3
3.10083 1.58065 3
3.3911 1.58677 3
4.15102 1.00393 3
1.91788 0.133299 3
2.33545 0.932247 3
3.33283 0.546644 3
4.22797 0.870615 3
3.02016 1.12422 3
2.57745 1.02199 3
2.91719 1.52349 3
2.64284 0.595938 3
2.56389 1.84125 3
2.90719 2.11931 3
3.15472 0.771901 3
2.85406 0.799778 3
3.18888 0.220859 3
1.91439 1.14553 3
2.63545 2.16588 3
1.51718 0.133618 3
1.42941 0.403156 3
2.71271 1.73926 3
2.96409 1.77758 3
3.69764 0.509507 3
2.43458 1.81656 3
3.29558 0.772366 3
3.04488 0.641146 3
3.30122 0.766623 3
2.67376 0.0237152 3
3.50229 1.6207 3
4.07519 0.997675 3
2.77225 1.37306 3
2.83095 0.0343499 3
3.48296 1.37827 3
2.42482 1.01472 3
3.15244 0.923121 3
2.33282 0.338662 3
2.70453 1.69657 3
4.03305 1.44259 3
2.62188 1.34209 3
3.35698 1.42054 3
3.00505 0.701453 3
2.23758 0.407449 3
2.69226 0.283928 3
2.76552 2.06447 3
1.95048 -0.0833441 3
3.37362 0.960003 3
1.67273 0.670917 3
3.72057 0.744021 3
3.03585 0.434496 3
2.44034 0.323606 3
2.9979 1.74045 3
3.14245 0.190097 3
3.23384 0.654038 3
3.12646 0.551781 3
3.49857 0.706152 3
1.88528 0.879427 3
2.50874 1.05182 3
3.11202 2.16318 3
2.72559 1.70112 3
2.45263 1.27463 3
2.89 1.40763 3
3.39324 1.83515 3
2.77455 1.05255 3
3.16726 0.874302 3
2.56768 0.657877 3
2.94616 0.258612 3
2.5463 1.152 3
2.67314 0.926704 3
2.12322 1.26855 3
2.17902 1.87749 3
3.70478 0.14275 3
3.53926 1.73046 3
3.6945 -0.231067 3
2.8404 0.587816 3
3.67983 0.772745 3
2.32635 0.670519 3
2.5486 0.0344052 3
3.23453 0.18163 3
4.02147 1.07722 3
2.53521 1.25958 3
2.68852 1.47771 3
2.82498 1.66922 3
2.29393 -0.959348 3
3.79529 1.62104 3
3.18866 1.30118 3
2.90599 1.04648 3
1.67451 1.24938 3
2.94829 1.20446 3
2.20558 2.12407 3
3.34553 0.876329 3
2.7866 1.18673 3
3.08604 0.727096 3
2.58901 1.58121 3
3.64323 1.69319 3
2.2166 0.309556 3
2.42102 1.08181 3
3.73832 0.377905 3
2.22244 0.86951 3
4.93926 2.28855 3
3.43941 1.1648 3
3.12311 1.25196 3
1.75325 1.96009 3
1.96271 0.191817 3
4.12239 1.70223 3
2.8653 0.636572 3
3.04078 1.86843 3
2.69677 0.805009 3
3.56727 0.699189 3
2.62353 1.38782 3
3.63111 0.716639 3
2.03027 -0.248543 3
3.00819 0.177485 3
2.28385 0.66914 3
2.85117 1.07178 3
2.53718 0.0868482 3
3.47519 1.14571 3
3.03042 0.837766 3
3.03195 0.819936 3
2.04389 0.714457 3
3.38573 0.981827 3
3.57841 1.04308 3
3.13898 0.0899317 3
2.70663 0.752948 3
3.94563 1.46118 3
2.38085 1.80469 3
3.33058 0.413959 3
2.32168 1.35424 3
3.11416 -1.35443 3
3.01129 0.464685 3
2.07686 0.664677 3
2.63347 0.437055 3
3.2365 1.37881 3
3.44637 0.739295 3
1.99198 2.05169 3
3.29177 1.3833 3
3.6194 0.291538 3
2.21686 -0.123969 3
3.05681 1.61469 3
3.18053 1.99995 3
2.96371 0.755336 3
2.43793 0.568059 3
3.52566 1.51914 3
2.51516 1.59589 3
2.65131 1.50166 3
3.38635 0.733086 3
3.08817 0.78118 3
2.69214 0.67559 3
2.74625 1.40167 3
3.66769 0.544834 3
3.18396 1.82942 3
3.92179 0.314896 3
3.06126 0.98571 3
3.00888 0.796625 3
2.88448 1.04246 3
3.30745 1.34263 3
1.26806 1.07947 3
2.85165 1.24195 3
3.44924 1.97471 3
1.54574 0.439498 3
3.01819 0.807174 3
2.52327 1.57072 3
1.64248 1.19873 3
2.50512 -0.32829 3
1.73672 2.07763 3
2.57289 1.16616 3
2.20007 1.59832 3
4.03159 0.765625 3
2.12009 0.940659 3
4.60718 0.209591 3
3.15314 1.0118 3
3.26981 0.912832 3
2.2102 2.11269 3
3.67435 0.539431 3
3.11922 0.669209 3
2.89446 1.62418 3
2.57963 1.65092 3
2.58193 1.3507 3
2.1651 0.922628 3
2.85476 1.03659 3
2.55881 1.62978 3
2.36166 2.3683 3
2.84871 1.22996 3
2.98425 1.38939 3
2.25238 1.35416 3
2.93639 0.677608 3
4.32643 0.510164 3
2.92653 1.08851 3
3.11524 1.38954 3
1.91136 -0.221362 3
3.07122 1.01101 3
2.22409 -0.00561059 3
4.0698 1.13413 3
3.37262 1.58959 3
2.74054 1.34061 3
3.09272 0.523604 3
2.39657 1.70873 3
3.38021 1.95278 3
3.12186 1.56339 3
3.10837 0.842537 3
3.61373 2.25281 3
3.14314 0.155817 3
2.67462 0.52616 3
3.32867 1.0853 3
2.83532 0.340785 3
2.70392 1.51071 3
1.80208 0.742464 3
3.53033 1.81458 3
2.78739 -0.142636 3
3.09879 0.475112 3
2.16767 1.65757 3
3.18896 0.6775 3
4.34827 1.08018 3
3.08336 1.52684 3
2.8063 -1.01575 3
3.31573 1.29816 3
2.96318 1.1247 3
1.43371 0.981179 3
3.82654 0.54235 3
2.8974 1.07861 3
3.07783 0.105457 3
2.47514 0.460914 3
2.25039 1.10365 3
2.78722 1.56018 3
3.28468 1.59056 3
2.59948 1.73209 3
2.76846 1.90556 3
3.22352 1.30283 3
2.89935 2.29074 3
2.98127 1.32865 3
3.15831 0.194717 3
3.14283 0.0594647 3
4.51639 0.902598 3
3.33918 1.59935 3
2.18307 0.881157 3
